Comparison of similarity of SDR's for Input=0 from 0th Cycle to 544th Cycle.
Since the system achieved stability at 445th cycle further we observe the stability for 100 consecutive cycles to exit the experiment.

Input 0th, Cycle: 0, Similarity: -1, Columns: 6, SDR: 24, 154, 953, 960, 977, 982
Input 0th, Cycle: 1, Similarity: 0, Columns: 20, SDR: 33, 37, 40, 42, 43, 45, 46, 65, 70, 95, 102, 112, 114, 116, 118, 146, 148, 155, 933, 1012
Input 0th, Cycle: 2, Similarity: 60, Columns: 20, SDR: 7, 24, 29, 43, 46, 59, 62, 65, 70, 95, 102, 112, 118, 146, 148, 155, 953, 958, 960, 1012
Input 0th, Cycle: 3, Similarity: 95, Columns: 20, SDR: 7, 24, 29, 43, 46, 59, 62, 65, 70, 95, 102, 112, 114, 118, 146, 148, 155, 953, 960, 1012
Input 0th, Cycle: 4, Similarity: 100, Columns: 20, SDR: 7, 24, 29, 43, 46, 59, 62, 65, 70, 95, 102, 112, 114, 118, 146, 148, 155, 953, 960, 1012
Input 0th, Cycle: 5, Similarity: 100, Columns: 20, SDR: 7, 24, 29, 43, 46, 59, 62, 65, 70, 95, 102, 112, 114, 118, 146, 148, 155, 953, 960, 1012
Input 0th, Cycle: 6, Similarity: 100, Columns: 20, SDR: 7, 24, 29, 43, 46, 59, 62, 65, 70, 95, 102, 112, 114, 118, 146, 148, 155, 953, 960, 1012
Input 0th, Cycle: 7, Similarity: 100, Columns: 20, SDR: 7, 24, 29, 43, 46, 59, 62, 65, 70, 95, 102, 112, 114, 118, 146, 148, 155, 953, 960, 1012
Input 0th, Cycle: 8, Similarity: 100, Columns: 20, SDR: 7, 24, 29, 43, 46, 59, 62, 65, 70, 95, 102, 112, 114, 118, 146, 148, 155, 953, 960, 1012
Input 0th, Cycle: 9, Similarity: 100, Columns: 20, SDR: 7, 24, 29, 43, 46, 59, 62, 65, 70, 95, 102, 112, 114, 118, 146, 148, 155, 953, 960, 1012
Input 0th, Cycle: 10, Similarity: 100, Columns: 20, SDR: 7, 24, 29, 43, 46, 59, 62, 65, 70, 95, 102, 112, 114, 118, 146, 148, 155, 953, 960, 1012
Input 0th, Cycle: 11, Similarity: 100, Columns: 20, SDR: 7, 24, 29, 43, 46, 59, 62, 65, 70, 95, 102, 112, 114, 118, 146, 148, 155, 953, 960, 1012
Input 0th, Cycle: 12, Similarity: 100, Columns: 20, SDR: 7, 24, 29, 43, 46, 59, 62, 65, 70, 95, 102, 112, 114, 118, 146, 148, 155, 953, 960, 1012
Input 0th, Cycle: 13, Similarity: 100, Columns: 20, SDR: 7, 24, 29, 43, 46, 59, 62, 65, 70, 95, 102, 112, 114, 118, 146, 148, 155, 953, 960, 1012
Input 0th, Cycle: 14, Similarity: 100, Columns: 20, SDR: 7, 24, 29, 43, 46, 59, 62, 65, 70, 95, 102, 112, 114, 118, 146, 148, 155, 953, 960, 1012
Input 0th, Cycle: 15, Similarity: 100, Columns: 20, SDR: 7, 24, 29, 43, 46, 59, 62, 65, 70, 95, 102, 112, 114, 118, 146, 148, 155, 953, 960, 1012
Input 0th, Cycle: 16, Similarity: 100, Columns: 20, SDR: 7, 24, 29, 43, 46, 59, 62, 65, 70, 95, 102, 112, 114, 118, 146, 148, 155, 953, 960, 1012
Input 0th, Cycle: 17, Similarity: 100, Columns: 20, SDR: 7, 24, 29, 43, 46, 59, 62, 65, 70, 95, 102, 112, 114, 118, 146, 148, 155, 953, 960, 1012
Input 0th, Cycle: 18, Similarity: 100, Columns: 20, SDR: 7, 24, 29, 43, 46, 59, 62, 65, 70, 95, 102, 112, 114, 118, 146, 148, 155, 953, 960, 1012
Input 0th, Cycle: 19, Similarity: 100, Columns: 20, SDR: 7, 24, 29, 43, 46, 59, 62, 65, 70, 95, 102, 112, 114, 118, 146, 148, 155, 953, 960, 1012
Input 0th, Cycle: 20, Similarity: 100, Columns: 20, SDR: 7, 24, 29, 43, 46, 59, 62, 65, 70, 95, 102, 112, 114, 118, 146, 148, 155, 953, 960, 1012
Input 0th, Cycle: 21, Similarity: 100, Columns: 20, SDR: 7, 24, 29, 43, 46, 59, 62, 65, 70, 95, 102, 112, 114, 118, 146, 148, 155, 953, 960, 1012
Input 0th, Cycle: 22, Similarity: 100, Columns: 20, SDR: 7, 24, 29, 43, 46, 59, 62, 65, 70, 95, 102, 112, 114, 118, 146, 148, 155, 953, 960, 1012
Input 0th, Cycle: 23, Similarity: 100, Columns: 20, SDR: 7, 24, 29, 43, 46, 59, 62, 65, 70, 95, 102, 112, 114, 118, 146, 148, 155, 953, 960, 1012
Input 0th, Cycle: 24, Similarity: 100, Columns: 20, SDR: 7, 24, 29, 43, 46, 59, 62, 65, 70, 95, 102, 112, 114, 118, 146, 148, 155, 953, 960, 1012
Input 0th, Cycle: 25, Similarity: 100, Columns: 20, SDR: 7, 24, 29, 43, 46, 59, 62, 65, 70, 95, 102, 112, 114, 118, 146, 148, 155, 953, 960, 1012
Input 0th, Cycle: 26, Similarity: 100, Columns: 20, SDR: 7, 24, 29, 43, 46, 59, 62, 65, 70, 95, 102, 112, 114, 118, 146, 148, 155, 953, 960, 1012
Input 0th, Cycle: 27, Similarity: 100, Columns: 20, SDR: 7, 24, 29, 43, 46, 59, 62, 65, 70, 95, 102, 112, 114, 118, 146, 148, 155, 953, 960, 1012
Input 0th, Cycle: 28, Similarity: 100, Columns: 20, SDR: 7, 24, 29, 43, 46, 59, 62, 65, 70, 95, 102, 112, 114, 118, 146, 148, 155, 953, 960, 1012
Input 0th, Cycle: 29, Similarity: 100, Columns: 20, SDR: 7, 24, 29, 43, 46, 59, 62, 65, 70, 95, 102, 112, 114, 118, 146, 148, 155, 953, 960, 1012
Input 0th, Cycle: 30, Similarity: 100, Columns: 20, SDR: 7, 24, 29, 43, 46, 59, 62, 65, 70, 95, 102, 112, 114, 118, 146, 148, 155, 953, 960, 1012
Input 0th, Cycle: 31, Similarity: 95, Columns: 20, SDR: 7, 24, 29, 43, 46, 59, 62, 65, 70, 102, 112, 114, 116, 118, 146, 148, 155, 953, 960, 1012
Input 0th, Cycle: 32, Similarity: 100, Columns: 20, SDR: 7, 24, 29, 43, 46, 59, 62, 65, 70, 102, 112, 114, 116, 118, 146, 148, 155, 953, 960, 1012
Input 0th, Cycle: 33, Similarity: 45, Columns: 20, SDR: 24, 42, 46, 58, 63, 66, 68, 77, 89, 118, 124, 146, 148, 155, 933, 953, 958, 960, 971, 1012
Input 0th, Cycle: 34, Similarity: 45, Columns: 20, SDR: 7, 24, 29, 43, 46, 59, 62, 65, 70, 102, 112, 114, 116, 118, 146, 148, 155, 953, 960, 1012
Input 0th, Cycle: 35, Similarity: 100, Columns: 20, SDR: 7, 24, 29, 43, 46, 59, 62, 65, 70, 102, 112, 114, 116, 118, 146, 148, 155, 953, 960, 1012
Input 0th, Cycle: 36, Similarity: 100, Columns: 20, SDR: 7, 24, 29, 43, 46, 59, 62, 65, 70, 102, 112, 114, 116, 118, 146, 148, 155, 953, 960, 1012
Input 0th, Cycle: 37, Similarity: 100, Columns: 20, SDR: 7, 24, 29, 43, 46, 59, 62, 65, 70, 102, 112, 114, 116, 118, 146, 148, 155, 953, 960, 1012
Input 0th, Cycle: 38, Similarity: 100, Columns: 20, SDR: 7, 24, 29, 43, 46, 59, 62, 65, 70, 102, 112, 114, 116, 118, 146, 148, 155, 953, 960, 1012
Input 0th, Cycle: 39, Similarity: 100, Columns: 20, SDR: 7, 24, 29, 43, 46, 59, 62, 65, 70, 102, 112, 114, 116, 118, 146, 148, 155, 953, 960, 1012
Input 0th, Cycle: 40, Similarity: 100, Columns: 20, SDR: 7, 24, 29, 43, 46, 59, 62, 65, 70, 102, 112, 114, 116, 118, 146, 148, 155, 953, 960, 1012
Input 0th, Cycle: 41, Similarity: 95, Columns: 20, SDR: 7, 24, 29, 43, 46, 59, 62, 70, 102, 112, 114, 116, 118, 146, 148, 154, 155, 953, 960, 1012
Input 0th, Cycle: 42, Similarity: 100, Columns: 20, SDR: 7, 24, 29, 43, 46, 59, 62, 70, 102, 112, 114, 116, 118, 146, 148, 154, 155, 953, 960, 1012
Input 0th, Cycle: 43, Similarity: 100, Columns: 20, SDR: 7, 24, 29, 43, 46, 59, 62, 70, 102, 112, 114, 116, 118, 146, 148, 154, 155, 953, 960, 1012
Input 0th, Cycle: 44, Similarity: 100, Columns: 20, SDR: 7, 24, 29, 43, 46, 59, 62, 70, 102, 112, 114, 116, 118, 146, 148, 154, 155, 953, 960, 1012
Input 0th, Cycle: 45, Similarity: 100, Columns: 20, SDR: 7, 24, 29, 43, 46, 59, 62, 70, 102, 112, 114, 116, 118, 146, 148, 154, 155, 953, 960, 1012
Input 0th, Cycle: 46, Similarity: 100, Columns: 20, SDR: 7, 24, 29, 43, 46, 59, 62, 70, 102, 112, 114, 116, 118, 146, 148, 154, 155, 953, 960, 1012
Input 0th, Cycle: 47, Similarity: 100, Columns: 20, SDR: 7, 24, 29, 43, 46, 59, 62, 70, 102, 112, 114, 116, 118, 146, 148, 154, 155, 953, 960, 1012
Input 0th, Cycle: 48, Similarity: 100, Columns: 20, SDR: 7, 24, 29, 43, 46, 59, 62, 70, 102, 112, 114, 116, 118, 146, 148, 154, 155, 953, 960, 1012
Input 0th, Cycle: 49, Similarity: 100, Columns: 20, SDR: 7, 24, 29, 43, 46, 59, 62, 70, 102, 112, 114, 116, 118, 146, 148, 154, 155, 953, 960, 1012
Input 0th, Cycle: 50, Similarity: 100, Columns: 20, SDR: 7, 24, 29, 43, 46, 59, 62, 70, 102, 112, 114, 116, 118, 146, 148, 154, 155, 953, 960, 1012
Input 0th, Cycle: 51, Similarity: 100, Columns: 20, SDR: 7, 24, 29, 43, 46, 59, 62, 70, 102, 112, 114, 116, 118, 146, 148, 154, 155, 953, 960, 1012
Input 0th, Cycle: 52, Similarity: 100, Columns: 20, SDR: 7, 24, 29, 43, 46, 59, 62, 70, 102, 112, 114, 116, 118, 146, 148, 154, 155, 953, 960, 1012
Input 0th, Cycle: 53, Similarity: 100, Columns: 20, SDR: 7, 24, 29, 43, 46, 59, 62, 70, 102, 112, 114, 116, 118, 146, 148, 154, 155, 953, 960, 1012
Input 0th, Cycle: 54, Similarity: 100, Columns: 20, SDR: 7, 24, 29, 43, 46, 59, 62, 70, 102, 112, 114, 116, 118, 146, 148, 154, 155, 953, 960, 1012
Input 0th, Cycle: 55, Similarity: 100, Columns: 20, SDR: 7, 24, 29, 43, 46, 59, 62, 70, 102, 112, 114, 116, 118, 146, 148, 154, 155, 953, 960, 1012
Input 0th, Cycle: 56, Similarity: 100, Columns: 20, SDR: 7, 24, 29, 43, 46, 59, 62, 70, 102, 112, 114, 116, 118, 146, 148, 154, 155, 953, 960, 1012
Input 0th, Cycle: 57, Similarity: 100, Columns: 20, SDR: 7, 24, 29, 43, 46, 59, 62, 70, 102, 112, 114, 116, 118, 146, 148, 154, 155, 953, 960, 1012
Input 0th, Cycle: 58, Similarity: 100, Columns: 20, SDR: 7, 24, 29, 43, 46, 59, 62, 70, 102, 112, 114, 116, 118, 146, 148, 154, 155, 953, 960, 1012
Input 0th, Cycle: 59, Similarity: 100, Columns: 20, SDR: 7, 24, 29, 43, 46, 59, 62, 70, 102, 112, 114, 116, 118, 146, 148, 154, 155, 953, 960, 1012
Input 0th, Cycle: 60, Similarity: 100, Columns: 20, SDR: 7, 24, 29, 43, 46, 59, 62, 70, 102, 112, 114, 116, 118, 146, 148, 154, 155, 953, 960, 1012
Input 0th, Cycle: 61, Similarity: 100, Columns: 20, SDR: 7, 24, 29, 43, 46, 59, 62, 70, 102, 112, 114, 116, 118, 146, 148, 154, 155, 953, 960, 1012
Input 0th, Cycle: 62, Similarity: 100, Columns: 20, SDR: 7, 24, 29, 43, 46, 59, 62, 70, 102, 112, 114, 116, 118, 146, 148, 154, 155, 953, 960, 1012
Input 0th, Cycle: 63, Similarity: 100, Columns: 20, SDR: 7, 24, 29, 43, 46, 59, 62, 70, 102, 112, 114, 116, 118, 146, 148, 154, 155, 953, 960, 1012
Input 0th, Cycle: 64, Similarity: 100, Columns: 20, SDR: 7, 24, 29, 43, 46, 59, 62, 70, 102, 112, 114, 116, 118, 146, 148, 154, 155, 953, 960, 1012
Input 0th, Cycle: 65, Similarity: 100, Columns: 20, SDR: 7, 24, 29, 43, 46, 59, 62, 70, 102, 112, 114, 116, 118, 146, 148, 154, 155, 953, 960, 1012
Input 0th, Cycle: 66, Similarity: 100, Columns: 20, SDR: 7, 24, 29, 43, 46, 59, 62, 70, 102, 112, 114, 116, 118, 146, 148, 154, 155, 953, 960, 1012
Input 0th, Cycle: 67, Similarity: 100, Columns: 20, SDR: 7, 24, 29, 43, 46, 59, 62, 70, 102, 112, 114, 116, 118, 146, 148, 154, 155, 953, 960, 1012
Input 0th, Cycle: 68, Similarity: 100, Columns: 20, SDR: 7, 24, 29, 43, 46, 59, 62, 70, 102, 112, 114, 116, 118, 146, 148, 154, 155, 953, 960, 1012
Input 0th, Cycle: 69, Similarity: 100, Columns: 20, SDR: 7, 24, 29, 43, 46, 59, 62, 70, 102, 112, 114, 116, 118, 146, 148, 154, 155, 953, 960, 1012
Input 0th, Cycle: 70, Similarity: 100, Columns: 20, SDR: 7, 24, 29, 43, 46, 59, 62, 70, 102, 112, 114, 116, 118, 146, 148, 154, 155, 953, 960, 1012
Input 0th, Cycle: 71, Similarity: 100, Columns: 20, SDR: 7, 24, 29, 43, 46, 59, 62, 70, 102, 112, 114, 116, 118, 146, 148, 154, 155, 953, 960, 1012
Input 0th, Cycle: 72, Similarity: 100, Columns: 20, SDR: 7, 24, 29, 43, 46, 59, 62, 70, 102, 112, 114, 116, 118, 146, 148, 154, 155, 953, 960, 1012
Input 0th, Cycle: 73, Similarity: 100, Columns: 20, SDR: 7, 24, 29, 43, 46, 59, 62, 70, 102, 112, 114, 116, 118, 146, 148, 154, 155, 953, 960, 1012
Input 0th, Cycle: 74, Similarity: 100, Columns: 20, SDR: 7, 24, 29, 43, 46, 59, 62, 70, 102, 112, 114, 116, 118, 146, 148, 154, 155, 953, 960, 1012
Input 0th, Cycle: 75, Similarity: 100, Columns: 20, SDR: 7, 24, 29, 43, 46, 59, 62, 70, 102, 112, 114, 116, 118, 146, 148, 154, 155, 953, 960, 1012
Input 0th, Cycle: 76, Similarity: 100, Columns: 20, SDR: 7, 24, 29, 43, 46, 59, 62, 70, 102, 112, 114, 116, 118, 146, 148, 154, 155, 953, 960, 1012
Input 0th, Cycle: 77, Similarity: 100, Columns: 20, SDR: 7, 24, 29, 43, 46, 59, 62, 70, 102, 112, 114, 116, 118, 146, 148, 154, 155, 953, 960, 1012
Input 0th, Cycle: 78, Similarity: 100, Columns: 20, SDR: 7, 24, 29, 43, 46, 59, 62, 70, 102, 112, 114, 116, 118, 146, 148, 154, 155, 953, 960, 1012
Input 0th, Cycle: 79, Similarity: 100, Columns: 20, SDR: 7, 24, 29, 43, 46, 59, 62, 70, 102, 112, 114, 116, 118, 146, 148, 154, 155, 953, 960, 1012
Input 0th, Cycle: 80, Similarity: 100, Columns: 20, SDR: 7, 24, 29, 43, 46, 59, 62, 70, 102, 112, 114, 116, 118, 146, 148, 154, 155, 953, 960, 1012
Input 0th, Cycle: 81, Similarity: 100, Columns: 20, SDR: 7, 24, 29, 43, 46, 59, 62, 70, 102, 112, 114, 116, 118, 146, 148, 154, 155, 953, 960, 1012
Input 0th, Cycle: 82, Similarity: 100, Columns: 20, SDR: 7, 24, 29, 43, 46, 59, 62, 70, 102, 112, 114, 116, 118, 146, 148, 154, 155, 953, 960, 1012
Input 0th, Cycle: 83, Similarity: 100, Columns: 20, SDR: 7, 24, 29, 43, 46, 59, 62, 70, 102, 112, 114, 116, 118, 146, 148, 154, 155, 953, 960, 1012
Input 0th, Cycle: 84, Similarity: 100, Columns: 20, SDR: 7, 24, 29, 43, 46, 59, 62, 70, 102, 112, 114, 116, 118, 146, 148, 154, 155, 953, 960, 1012
Input 0th, Cycle: 85, Similarity: 100, Columns: 20, SDR: 7, 24, 29, 43, 46, 59, 62, 70, 102, 112, 114, 116, 118, 146, 148, 154, 155, 953, 960, 1012
Input 0th, Cycle: 86, Similarity: 100, Columns: 20, SDR: 7, 24, 29, 43, 46, 59, 62, 70, 102, 112, 114, 116, 118, 146, 148, 154, 155, 953, 960, 1012
Input 0th, Cycle: 87, Similarity: 100, Columns: 20, SDR: 7, 24, 29, 43, 46, 59, 62, 70, 102, 112, 114, 116, 118, 146, 148, 154, 155, 953, 960, 1012
Input 0th, Cycle: 88, Similarity: 100, Columns: 20, SDR: 7, 24, 29, 43, 46, 59, 62, 70, 102, 112, 114, 116, 118, 146, 148, 154, 155, 953, 960, 1012
Input 0th, Cycle: 89, Similarity: 100, Columns: 20, SDR: 7, 24, 29, 43, 46, 59, 62, 70, 102, 112, 114, 116, 118, 146, 148, 154, 155, 953, 960, 1012
Input 0th, Cycle: 90, Similarity: 100, Columns: 20, SDR: 7, 24, 29, 43, 46, 59, 62, 70, 102, 112, 114, 116, 118, 146, 148, 154, 155, 953, 960, 1012
Input 0th, Cycle: 91, Similarity: 100, Columns: 20, SDR: 7, 24, 29, 43, 46, 59, 62, 70, 102, 112, 114, 116, 118, 146, 148, 154, 155, 953, 960, 1012
Input 0th, Cycle: 92, Similarity: 100, Columns: 20, SDR: 7, 24, 29, 43, 46, 59, 62, 70, 102, 112, 114, 116, 118, 146, 148, 154, 155, 953, 960, 1012
Input 0th, Cycle: 93, Similarity: 100, Columns: 20, SDR: 7, 24, 29, 43, 46, 59, 62, 70, 102, 112, 114, 116, 118, 146, 148, 154, 155, 953, 960, 1012
Input 0th, Cycle: 94, Similarity: 100, Columns: 20, SDR: 7, 24, 29, 43, 46, 59, 62, 70, 102, 112, 114, 116, 118, 146, 148, 154, 155, 953, 960, 1012
Input 0th, Cycle: 95, Similarity: 100, Columns: 20, SDR: 7, 24, 29, 43, 46, 59, 62, 70, 102, 112, 114, 116, 118, 146, 148, 154, 155, 953, 960, 1012
Input 0th, Cycle: 96, Similarity: 100, Columns: 20, SDR: 7, 24, 29, 43, 46, 59, 62, 70, 102, 112, 114, 116, 118, 146, 148, 154, 155, 953, 960, 1012
Input 0th, Cycle: 97, Similarity: 100, Columns: 20, SDR: 7, 24, 29, 43, 46, 59, 62, 70, 102, 112, 114, 116, 118, 146, 148, 154, 155, 953, 960, 1012
Input 0th, Cycle: 98, Similarity: 100, Columns: 20, SDR: 7, 24, 29, 43, 46, 59, 62, 70, 102, 112, 114, 116, 118, 146, 148, 154, 155, 953, 960, 1012
Input 0th, Cycle: 99, Similarity: 100, Columns: 20, SDR: 7, 24, 29, 43, 46, 59, 62, 70, 102, 112, 114, 116, 118, 146, 148, 154, 155, 953, 960, 1012
Input 0th, Cycle: 100, Similarity: 100, Columns: 20, SDR: 7, 24, 29, 43, 46, 59, 62, 70, 102, 112, 114, 116, 118, 146, 148, 154, 155, 953, 960, 1012
Input 0th, Cycle: 101, Similarity: 100, Columns: 20, SDR: 7, 24, 29, 43, 46, 59, 62, 70, 102, 112, 114, 116, 118, 146, 148, 154, 155, 953, 960, 1012
Input 0th, Cycle: 102, Similarity: 100, Columns: 20, SDR: 7, 24, 29, 43, 46, 59, 62, 70, 102, 112, 114, 116, 118, 146, 148, 154, 155, 953, 960, 1012
Input 0th, Cycle: 103, Similarity: 100, Columns: 20, SDR: 7, 24, 29, 43, 46, 59, 62, 70, 102, 112, 114, 116, 118, 146, 148, 154, 155, 953, 960, 1012
Input 0th, Cycle: 104, Similarity: 100, Columns: 20, SDR: 7, 24, 29, 43, 46, 59, 62, 70, 102, 112, 114, 116, 118, 146, 148, 154, 155, 953, 960, 1012
Input 0th, Cycle: 105, Similarity: 100, Columns: 20, SDR: 7, 24, 29, 43, 46, 59, 62, 70, 102, 112, 114, 116, 118, 146, 148, 154, 155, 953, 960, 1012
Input 0th, Cycle: 106, Similarity: 100, Columns: 20, SDR: 7, 24, 29, 43, 46, 59, 62, 70, 102, 112, 114, 116, 118, 146, 148, 154, 155, 953, 960, 1012
Input 0th, Cycle: 107, Similarity: 100, Columns: 20, SDR: 7, 24, 29, 43, 46, 59, 62, 70, 102, 112, 114, 116, 118, 146, 148, 154, 155, 953, 960, 1012
Input 0th, Cycle: 108, Similarity: 100, Columns: 20, SDR: 7, 24, 29, 43, 46, 59, 62, 70, 102, 112, 114, 116, 118, 146, 148, 154, 155, 953, 960, 1012
Input 0th, Cycle: 109, Similarity: 100, Columns: 20, SDR: 7, 24, 29, 43, 46, 59, 62, 70, 102, 112, 114, 116, 118, 146, 148, 154, 155, 953, 960, 1012
Input 0th, Cycle: 110, Similarity: 100, Columns: 20, SDR: 7, 24, 29, 43, 46, 59, 62, 70, 102, 112, 114, 116, 118, 146, 148, 154, 155, 953, 960, 1012
Input 0th, Cycle: 111, Similarity: 100, Columns: 20, SDR: 7, 24, 29, 43, 46, 59, 62, 70, 102, 112, 114, 116, 118, 146, 148, 154, 155, 953, 960, 1012
Input 0th, Cycle: 112, Similarity: 100, Columns: 20, SDR: 7, 24, 29, 43, 46, 59, 62, 70, 102, 112, 114, 116, 118, 146, 148, 154, 155, 953, 960, 1012
Input 0th, Cycle: 113, Similarity: 100, Columns: 20, SDR: 7, 24, 29, 43, 46, 59, 62, 70, 102, 112, 114, 116, 118, 146, 148, 154, 155, 953, 960, 1012
Input 0th, Cycle: 114, Similarity: 100, Columns: 20, SDR: 7, 24, 29, 43, 46, 59, 62, 70, 102, 112, 114, 116, 118, 146, 148, 154, 155, 953, 960, 1012
Input 0th, Cycle: 115, Similarity: 100, Columns: 20, SDR: 7, 24, 29, 43, 46, 59, 62, 70, 102, 112, 114, 116, 118, 146, 148, 154, 155, 953, 960, 1012
Input 0th, Cycle: 116, Similarity: 100, Columns: 20, SDR: 7, 24, 29, 43, 46, 59, 62, 70, 102, 112, 114, 116, 118, 146, 148, 154, 155, 953, 960, 1012
Input 0th, Cycle: 117, Similarity: 100, Columns: 20, SDR: 7, 24, 29, 43, 46, 59, 62, 70, 102, 112, 114, 116, 118, 146, 148, 154, 155, 953, 960, 1012
Input 0th, Cycle: 118, Similarity: 100, Columns: 20, SDR: 7, 24, 29, 43, 46, 59, 62, 70, 102, 112, 114, 116, 118, 146, 148, 154, 155, 953, 960, 1012
Input 0th, Cycle: 119, Similarity: 100, Columns: 20, SDR: 7, 24, 29, 43, 46, 59, 62, 70, 102, 112, 114, 116, 118, 146, 148, 154, 155, 953, 960, 1012
Input 0th, Cycle: 120, Similarity: 100, Columns: 20, SDR: 7, 24, 29, 43, 46, 59, 62, 70, 102, 112, 114, 116, 118, 146, 148, 154, 155, 953, 960, 1012
Input 0th, Cycle: 121, Similarity: 100, Columns: 20, SDR: 7, 24, 29, 43, 46, 59, 62, 70, 102, 112, 114, 116, 118, 146, 148, 154, 155, 953, 960, 1012
Input 0th, Cycle: 122, Similarity: 100, Columns: 20, SDR: 7, 24, 29, 43, 46, 59, 62, 70, 102, 112, 114, 116, 118, 146, 148, 154, 155, 953, 960, 1012
Input 0th, Cycle: 123, Similarity: 100, Columns: 20, SDR: 7, 24, 29, 43, 46, 59, 62, 70, 102, 112, 114, 116, 118, 146, 148, 154, 155, 953, 960, 1012
Input 0th, Cycle: 124, Similarity: 100, Columns: 20, SDR: 7, 24, 29, 43, 46, 59, 62, 70, 102, 112, 114, 116, 118, 146, 148, 154, 155, 953, 960, 1012
Input 0th, Cycle: 125, Similarity: 100, Columns: 20, SDR: 7, 24, 29, 43, 46, 59, 62, 70, 102, 112, 114, 116, 118, 146, 148, 154, 155, 953, 960, 1012
Input 0th, Cycle: 126, Similarity: 100, Columns: 20, SDR: 7, 24, 29, 43, 46, 59, 62, 70, 102, 112, 114, 116, 118, 146, 148, 154, 155, 953, 960, 1012
Input 0th, Cycle: 127, Similarity: 100, Columns: 20, SDR: 7, 24, 29, 43, 46, 59, 62, 70, 102, 112, 114, 116, 118, 146, 148, 154, 155, 953, 960, 1012
Input 0th, Cycle: 128, Similarity: 100, Columns: 20, SDR: 7, 24, 29, 43, 46, 59, 62, 70, 102, 112, 114, 116, 118, 146, 148, 154, 155, 953, 960, 1012
Input 0th, Cycle: 129, Similarity: 100, Columns: 20, SDR: 7, 24, 29, 43, 46, 59, 62, 70, 102, 112, 114, 116, 118, 146, 148, 154, 155, 953, 960, 1012
Input 0th, Cycle: 130, Similarity: 100, Columns: 20, SDR: 7, 24, 29, 43, 46, 59, 62, 70, 102, 112, 114, 116, 118, 146, 148, 154, 155, 953, 960, 1012
Input 0th, Cycle: 131, Similarity: 100, Columns: 20, SDR: 7, 24, 29, 43, 46, 59, 62, 70, 102, 112, 114, 116, 118, 146, 148, 154, 155, 953, 960, 1012
Input 0th, Cycle: 132, Similarity: 100, Columns: 20, SDR: 7, 24, 29, 43, 46, 59, 62, 70, 102, 112, 114, 116, 118, 146, 148, 154, 155, 953, 960, 1012
Input 0th, Cycle: 133, Similarity: 100, Columns: 20, SDR: 7, 24, 29, 43, 46, 59, 62, 70, 102, 112, 114, 116, 118, 146, 148, 154, 155, 953, 960, 1012
Input 0th, Cycle: 134, Similarity: 100, Columns: 20, SDR: 7, 24, 29, 43, 46, 59, 62, 70, 102, 112, 114, 116, 118, 146, 148, 154, 155, 953, 960, 1012
Input 0th, Cycle: 135, Similarity: 100, Columns: 20, SDR: 7, 24, 29, 43, 46, 59, 62, 70, 102, 112, 114, 116, 118, 146, 148, 154, 155, 953, 960, 1012
Input 0th, Cycle: 136, Similarity: 100, Columns: 20, SDR: 7, 24, 29, 43, 46, 59, 62, 70, 102, 112, 114, 116, 118, 146, 148, 154, 155, 953, 960, 1012
Input 0th, Cycle: 137, Similarity: 100, Columns: 20, SDR: 7, 24, 29, 43, 46, 59, 62, 70, 102, 112, 114, 116, 118, 146, 148, 154, 155, 953, 960, 1012
Input 0th, Cycle: 138, Similarity: 100, Columns: 20, SDR: 7, 24, 29, 43, 46, 59, 62, 70, 102, 112, 114, 116, 118, 146, 148, 154, 155, 953, 960, 1012
Input 0th, Cycle: 139, Similarity: 100, Columns: 20, SDR: 7, 24, 29, 43, 46, 59, 62, 70, 102, 112, 114, 116, 118, 146, 148, 154, 155, 953, 960, 1012
Input 0th, Cycle: 140, Similarity: 100, Columns: 20, SDR: 7, 24, 29, 43, 46, 59, 62, 70, 102, 112, 114, 116, 118, 146, 148, 154, 155, 953, 960, 1012
Input 0th, Cycle: 141, Similarity: 100, Columns: 20, SDR: 7, 24, 29, 43, 46, 59, 62, 70, 102, 112, 114, 116, 118, 146, 148, 154, 155, 953, 960, 1012
Input 0th, Cycle: 142, Similarity: 100, Columns: 20, SDR: 7, 24, 29, 43, 46, 59, 62, 70, 102, 112, 114, 116, 118, 146, 148, 154, 155, 953, 960, 1012
Input 0th, Cycle: 143, Similarity: 100, Columns: 20, SDR: 7, 24, 29, 43, 46, 59, 62, 70, 102, 112, 114, 116, 118, 146, 148, 154, 155, 953, 960, 1012
Input 0th, Cycle: 144, Similarity: 100, Columns: 20, SDR: 7, 24, 29, 43, 46, 59, 62, 70, 102, 112, 114, 116, 118, 146, 148, 154, 155, 953, 960, 1012
Input 0th, Cycle: 145, Similarity: 100, Columns: 20, SDR: 7, 24, 29, 43, 46, 59, 62, 70, 102, 112, 114, 116, 118, 146, 148, 154, 155, 953, 960, 1012
Input 0th, Cycle: 146, Similarity: 100, Columns: 20, SDR: 7, 24, 29, 43, 46, 59, 62, 70, 102, 112, 114, 116, 118, 146, 148, 154, 155, 953, 960, 1012
Input 0th, Cycle: 147, Similarity: 100, Columns: 20, SDR: 7, 24, 29, 43, 46, 59, 62, 70, 102, 112, 114, 116, 118, 146, 148, 154, 155, 953, 960, 1012
Input 0th, Cycle: 148, Similarity: 100, Columns: 20, SDR: 7, 24, 29, 43, 46, 59, 62, 70, 102, 112, 114, 116, 118, 146, 148, 154, 155, 953, 960, 1012
Input 0th, Cycle: 149, Similarity: 100, Columns: 20, SDR: 7, 24, 29, 43, 46, 59, 62, 70, 102, 112, 114, 116, 118, 146, 148, 154, 155, 953, 960, 1012
Input 0th, Cycle: 150, Similarity: 100, Columns: 20, SDR: 7, 24, 29, 43, 46, 59, 62, 70, 102, 112, 114, 116, 118, 146, 148, 154, 155, 953, 960, 1012
Input 0th, Cycle: 151, Similarity: 100, Columns: 20, SDR: 7, 24, 29, 43, 46, 59, 62, 70, 102, 112, 114, 116, 118, 146, 148, 154, 155, 953, 960, 1012
Input 0th, Cycle: 152, Similarity: 100, Columns: 20, SDR: 7, 24, 29, 43, 46, 59, 62, 70, 102, 112, 114, 116, 118, 146, 148, 154, 155, 953, 960, 1012
Input 0th, Cycle: 153, Similarity: 100, Columns: 20, SDR: 7, 24, 29, 43, 46, 59, 62, 70, 102, 112, 114, 116, 118, 146, 148, 154, 155, 953, 960, 1012
Input 0th, Cycle: 154, Similarity: 100, Columns: 20, SDR: 7, 24, 29, 43, 46, 59, 62, 70, 102, 112, 114, 116, 118, 146, 148, 154, 155, 953, 960, 1012
Input 0th, Cycle: 155, Similarity: 100, Columns: 20, SDR: 7, 24, 29, 43, 46, 59, 62, 70, 102, 112, 114, 116, 118, 146, 148, 154, 155, 953, 960, 1012
Input 0th, Cycle: 156, Similarity: 100, Columns: 20, SDR: 7, 24, 29, 43, 46, 59, 62, 70, 102, 112, 114, 116, 118, 146, 148, 154, 155, 953, 960, 1012
Input 0th, Cycle: 157, Similarity: 100, Columns: 20, SDR: 7, 24, 29, 43, 46, 59, 62, 70, 102, 112, 114, 116, 118, 146, 148, 154, 155, 953, 960, 1012
Input 0th, Cycle: 158, Similarity: 100, Columns: 20, SDR: 7, 24, 29, 43, 46, 59, 62, 70, 102, 112, 114, 116, 118, 146, 148, 154, 155, 953, 960, 1012
Input 0th, Cycle: 159, Similarity: 100, Columns: 20, SDR: 7, 24, 29, 43, 46, 59, 62, 70, 102, 112, 114, 116, 118, 146, 148, 154, 155, 953, 960, 1012
Input 0th, Cycle: 160, Similarity: 100, Columns: 20, SDR: 7, 24, 29, 43, 46, 59, 62, 70, 102, 112, 114, 116, 118, 146, 148, 154, 155, 953, 960, 1012
Input 0th, Cycle: 161, Similarity: 100, Columns: 20, SDR: 7, 24, 29, 43, 46, 59, 62, 70, 102, 112, 114, 116, 118, 146, 148, 154, 155, 953, 960, 1012
Input 0th, Cycle: 162, Similarity: 100, Columns: 20, SDR: 7, 24, 29, 43, 46, 59, 62, 70, 102, 112, 114, 116, 118, 146, 148, 154, 155, 953, 960, 1012
Input 0th, Cycle: 163, Similarity: 100, Columns: 20, SDR: 7, 24, 29, 43, 46, 59, 62, 70, 102, 112, 114, 116, 118, 146, 148, 154, 155, 953, 960, 1012
Input 0th, Cycle: 164, Similarity: 100, Columns: 20, SDR: 7, 24, 29, 43, 46, 59, 62, 70, 102, 112, 114, 116, 118, 146, 148, 154, 155, 953, 960, 1012
Input 0th, Cycle: 165, Similarity: 100, Columns: 20, SDR: 7, 24, 29, 43, 46, 59, 62, 70, 102, 112, 114, 116, 118, 146, 148, 154, 155, 953, 960, 1012
Input 0th, Cycle: 166, Similarity: 100, Columns: 20, SDR: 7, 24, 29, 43, 46, 59, 62, 70, 102, 112, 114, 116, 118, 146, 148, 154, 155, 953, 960, 1012
Input 0th, Cycle: 167, Similarity: 100, Columns: 20, SDR: 7, 24, 29, 43, 46, 59, 62, 70, 102, 112, 114, 116, 118, 146, 148, 154, 155, 953, 960, 1012
Input 0th, Cycle: 168, Similarity: 100, Columns: 20, SDR: 7, 24, 29, 43, 46, 59, 62, 70, 102, 112, 114, 116, 118, 146, 148, 154, 155, 953, 960, 1012
Input 0th, Cycle: 169, Similarity: 100, Columns: 20, SDR: 7, 24, 29, 43, 46, 59, 62, 70, 102, 112, 114, 116, 118, 146, 148, 154, 155, 953, 960, 1012
Input 0th, Cycle: 170, Similarity: 100, Columns: 20, SDR: 7, 24, 29, 43, 46, 59, 62, 70, 102, 112, 114, 116, 118, 146, 148, 154, 155, 953, 960, 1012
Input 0th, Cycle: 171, Similarity: 100, Columns: 20, SDR: 7, 24, 29, 43, 46, 59, 62, 70, 102, 112, 114, 116, 118, 146, 148, 154, 155, 953, 960, 1012
Input 0th, Cycle: 172, Similarity: 100, Columns: 20, SDR: 7, 24, 29, 43, 46, 59, 62, 70, 102, 112, 114, 116, 118, 146, 148, 154, 155, 953, 960, 1012
Input 0th, Cycle: 173, Similarity: 100, Columns: 20, SDR: 7, 24, 29, 43, 46, 59, 62, 70, 102, 112, 114, 116, 118, 146, 148, 154, 155, 953, 960, 1012
Input 0th, Cycle: 174, Similarity: 100, Columns: 20, SDR: 7, 24, 29, 43, 46, 59, 62, 70, 102, 112, 114, 116, 118, 146, 148, 154, 155, 953, 960, 1012
Input 0th, Cycle: 175, Similarity: 100, Columns: 20, SDR: 7, 24, 29, 43, 46, 59, 62, 70, 102, 112, 114, 116, 118, 146, 148, 154, 155, 953, 960, 1012
Input 0th, Cycle: 176, Similarity: 100, Columns: 20, SDR: 7, 24, 29, 43, 46, 59, 62, 70, 102, 112, 114, 116, 118, 146, 148, 154, 155, 953, 960, 1012
Input 0th, Cycle: 177, Similarity: 100, Columns: 20, SDR: 7, 24, 29, 43, 46, 59, 62, 70, 102, 112, 114, 116, 118, 146, 148, 154, 155, 953, 960, 1012
Input 0th, Cycle: 178, Similarity: 100, Columns: 20, SDR: 7, 24, 29, 43, 46, 59, 62, 70, 102, 112, 114, 116, 118, 146, 148, 154, 155, 953, 960, 1012
Input 0th, Cycle: 179, Similarity: 100, Columns: 20, SDR: 7, 24, 29, 43, 46, 59, 62, 70, 102, 112, 114, 116, 118, 146, 148, 154, 155, 953, 960, 1012
Input 0th, Cycle: 180, Similarity: 100, Columns: 20, SDR: 7, 24, 29, 43, 46, 59, 62, 70, 102, 112, 114, 116, 118, 146, 148, 154, 155, 953, 960, 1012
Input 0th, Cycle: 181, Similarity: 100, Columns: 20, SDR: 7, 24, 29, 43, 46, 59, 62, 70, 102, 112, 114, 116, 118, 146, 148, 154, 155, 953, 960, 1012
Input 0th, Cycle: 182, Similarity: 100, Columns: 20, SDR: 7, 24, 29, 43, 46, 59, 62, 70, 102, 112, 114, 116, 118, 146, 148, 154, 155, 953, 960, 1012
Input 0th, Cycle: 183, Similarity: 100, Columns: 20, SDR: 7, 24, 29, 43, 46, 59, 62, 70, 102, 112, 114, 116, 118, 146, 148, 154, 155, 953, 960, 1012
Input 0th, Cycle: 184, Similarity: 100, Columns: 20, SDR: 7, 24, 29, 43, 46, 59, 62, 70, 102, 112, 114, 116, 118, 146, 148, 154, 155, 953, 960, 1012
Input 0th, Cycle: 185, Similarity: 100, Columns: 20, SDR: 7, 24, 29, 43, 46, 59, 62, 70, 102, 112, 114, 116, 118, 146, 148, 154, 155, 953, 960, 1012
Input 0th, Cycle: 186, Similarity: 100, Columns: 20, SDR: 7, 24, 29, 43, 46, 59, 62, 70, 102, 112, 114, 116, 118, 146, 148, 154, 155, 953, 960, 1012
Input 0th, Cycle: 187, Similarity: 100, Columns: 20, SDR: 7, 24, 29, 43, 46, 59, 62, 70, 102, 112, 114, 116, 118, 146, 148, 154, 155, 953, 960, 1012
Input 0th, Cycle: 188, Similarity: 100, Columns: 20, SDR: 7, 24, 29, 43, 46, 59, 62, 70, 102, 112, 114, 116, 118, 146, 148, 154, 155, 953, 960, 1012
Input 0th, Cycle: 189, Similarity: 100, Columns: 20, SDR: 7, 24, 29, 43, 46, 59, 62, 70, 102, 112, 114, 116, 118, 146, 148, 154, 155, 953, 960, 1012
Input 0th, Cycle: 190, Similarity: 100, Columns: 20, SDR: 7, 24, 29, 43, 46, 59, 62, 70, 102, 112, 114, 116, 118, 146, 148, 154, 155, 953, 960, 1012
Input 0th, Cycle: 191, Similarity: 100, Columns: 20, SDR: 7, 24, 29, 43, 46, 59, 62, 70, 102, 112, 114, 116, 118, 146, 148, 154, 155, 953, 960, 1012
Input 0th, Cycle: 192, Similarity: 100, Columns: 20, SDR: 7, 24, 29, 43, 46, 59, 62, 70, 102, 112, 114, 116, 118, 146, 148, 154, 155, 953, 960, 1012
Input 0th, Cycle: 193, Similarity: 100, Columns: 20, SDR: 7, 24, 29, 43, 46, 59, 62, 70, 102, 112, 114, 116, 118, 146, 148, 154, 155, 953, 960, 1012
Input 0th, Cycle: 194, Similarity: 100, Columns: 20, SDR: 7, 24, 29, 43, 46, 59, 62, 70, 102, 112, 114, 116, 118, 146, 148, 154, 155, 953, 960, 1012
Input 0th, Cycle: 195, Similarity: 100, Columns: 20, SDR: 7, 24, 29, 43, 46, 59, 62, 70, 102, 112, 114, 116, 118, 146, 148, 154, 155, 953, 960, 1012
Input 0th, Cycle: 196, Similarity: 100, Columns: 20, SDR: 7, 24, 29, 43, 46, 59, 62, 70, 102, 112, 114, 116, 118, 146, 148, 154, 155, 953, 960, 1012
Input 0th, Cycle: 197, Similarity: 100, Columns: 20, SDR: 7, 24, 29, 43, 46, 59, 62, 70, 102, 112, 114, 116, 118, 146, 148, 154, 155, 953, 960, 1012
Input 0th, Cycle: 198, Similarity: 100, Columns: 20, SDR: 7, 24, 29, 43, 46, 59, 62, 70, 102, 112, 114, 116, 118, 146, 148, 154, 155, 953, 960, 1012
Input 0th, Cycle: 199, Similarity: 100, Columns: 20, SDR: 7, 24, 29, 43, 46, 59, 62, 70, 102, 112, 114, 116, 118, 146, 148, 154, 155, 953, 960, 1012
Input 0th, Cycle: 200, Similarity: 100, Columns: 20, SDR: 7, 24, 29, 43, 46, 59, 62, 70, 102, 112, 114, 116, 118, 146, 148, 154, 155, 953, 960, 1012
Input 0th, Cycle: 201, Similarity: 100, Columns: 20, SDR: 7, 24, 29, 43, 46, 59, 62, 70, 102, 112, 114, 116, 118, 146, 148, 154, 155, 953, 960, 1012
Input 0th, Cycle: 202, Similarity: 100, Columns: 20, SDR: 7, 24, 29, 43, 46, 59, 62, 70, 102, 112, 114, 116, 118, 146, 148, 154, 155, 953, 960, 1012
Input 0th, Cycle: 203, Similarity: 100, Columns: 20, SDR: 7, 24, 29, 43, 46, 59, 62, 70, 102, 112, 114, 116, 118, 146, 148, 154, 155, 953, 960, 1012
Input 0th, Cycle: 204, Similarity: 100, Columns: 20, SDR: 7, 24, 29, 43, 46, 59, 62, 70, 102, 112, 114, 116, 118, 146, 148, 154, 155, 953, 960, 1012
Input 0th, Cycle: 205, Similarity: 100, Columns: 20, SDR: 7, 24, 29, 43, 46, 59, 62, 70, 102, 112, 114, 116, 118, 146, 148, 154, 155, 953, 960, 1012
Input 0th, Cycle: 206, Similarity: 100, Columns: 20, SDR: 7, 24, 29, 43, 46, 59, 62, 70, 102, 112, 114, 116, 118, 146, 148, 154, 155, 953, 960, 1012
Input 0th, Cycle: 207, Similarity: 100, Columns: 20, SDR: 7, 24, 29, 43, 46, 59, 62, 70, 102, 112, 114, 116, 118, 146, 148, 154, 155, 953, 960, 1012
Input 0th, Cycle: 208, Similarity: 100, Columns: 20, SDR: 7, 24, 29, 43, 46, 59, 62, 70, 102, 112, 114, 116, 118, 146, 148, 154, 155, 953, 960, 1012
Input 0th, Cycle: 209, Similarity: 100, Columns: 20, SDR: 7, 24, 29, 43, 46, 59, 62, 70, 102, 112, 114, 116, 118, 146, 148, 154, 155, 953, 960, 1012
Input 0th, Cycle: 210, Similarity: 100, Columns: 20, SDR: 7, 24, 29, 43, 46, 59, 62, 70, 102, 112, 114, 116, 118, 146, 148, 154, 155, 953, 960, 1012
Input 0th, Cycle: 211, Similarity: 100, Columns: 20, SDR: 7, 24, 29, 43, 46, 59, 62, 70, 102, 112, 114, 116, 118, 146, 148, 154, 155, 953, 960, 1012
Input 0th, Cycle: 212, Similarity: 100, Columns: 20, SDR: 7, 24, 29, 43, 46, 59, 62, 70, 102, 112, 114, 116, 118, 146, 148, 154, 155, 953, 960, 1012
Input 0th, Cycle: 213, Similarity: 100, Columns: 20, SDR: 7, 24, 29, 43, 46, 59, 62, 70, 102, 112, 114, 116, 118, 146, 148, 154, 155, 953, 960, 1012
Input 0th, Cycle: 214, Similarity: 100, Columns: 20, SDR: 7, 24, 29, 43, 46, 59, 62, 70, 102, 112, 114, 116, 118, 146, 148, 154, 155, 953, 960, 1012
Input 0th, Cycle: 215, Similarity: 100, Columns: 20, SDR: 7, 24, 29, 43, 46, 59, 62, 70, 102, 112, 114, 116, 118, 146, 148, 154, 155, 953, 960, 1012
Input 0th, Cycle: 216, Similarity: 100, Columns: 20, SDR: 7, 24, 29, 43, 46, 59, 62, 70, 102, 112, 114, 116, 118, 146, 148, 154, 155, 953, 960, 1012
Input 0th, Cycle: 217, Similarity: 100, Columns: 20, SDR: 7, 24, 29, 43, 46, 59, 62, 70, 102, 112, 114, 116, 118, 146, 148, 154, 155, 953, 960, 1012
Input 0th, Cycle: 218, Similarity: 100, Columns: 20, SDR: 7, 24, 29, 43, 46, 59, 62, 70, 102, 112, 114, 116, 118, 146, 148, 154, 155, 953, 960, 1012
Input 0th, Cycle: 219, Similarity: 100, Columns: 20, SDR: 7, 24, 29, 43, 46, 59, 62, 70, 102, 112, 114, 116, 118, 146, 148, 154, 155, 953, 960, 1012
Input 0th, Cycle: 220, Similarity: 100, Columns: 20, SDR: 7, 24, 29, 43, 46, 59, 62, 70, 102, 112, 114, 116, 118, 146, 148, 154, 155, 953, 960, 1012
Input 0th, Cycle: 221, Similarity: 100, Columns: 20, SDR: 7, 24, 29, 43, 46, 59, 62, 70, 102, 112, 114, 116, 118, 146, 148, 154, 155, 953, 960, 1012
Input 0th, Cycle: 222, Similarity: 100, Columns: 20, SDR: 7, 24, 29, 43, 46, 59, 62, 70, 102, 112, 114, 116, 118, 146, 148, 154, 155, 953, 960, 1012
Input 0th, Cycle: 223, Similarity: 100, Columns: 20, SDR: 7, 24, 29, 43, 46, 59, 62, 70, 102, 112, 114, 116, 118, 146, 148, 154, 155, 953, 960, 1012
Input 0th, Cycle: 224, Similarity: 100, Columns: 20, SDR: 7, 24, 29, 43, 46, 59, 62, 70, 102, 112, 114, 116, 118, 146, 148, 154, 155, 953, 960, 1012
Input 0th, Cycle: 225, Similarity: 100, Columns: 20, SDR: 7, 24, 29, 43, 46, 59, 62, 70, 102, 112, 114, 116, 118, 146, 148, 154, 155, 953, 960, 1012
Input 0th, Cycle: 226, Similarity: 100, Columns: 20, SDR: 7, 24, 29, 43, 46, 59, 62, 70, 102, 112, 114, 116, 118, 146, 148, 154, 155, 953, 960, 1012
Input 0th, Cycle: 227, Similarity: 100, Columns: 20, SDR: 7, 24, 29, 43, 46, 59, 62, 70, 102, 112, 114, 116, 118, 146, 148, 154, 155, 953, 960, 1012
Input 0th, Cycle: 228, Similarity: 100, Columns: 20, SDR: 7, 24, 29, 43, 46, 59, 62, 70, 102, 112, 114, 116, 118, 146, 148, 154, 155, 953, 960, 1012
Input 0th, Cycle: 229, Similarity: 100, Columns: 20, SDR: 7, 24, 29, 43, 46, 59, 62, 70, 102, 112, 114, 116, 118, 146, 148, 154, 155, 953, 960, 1012
Input 0th, Cycle: 230, Similarity: 100, Columns: 20, SDR: 7, 24, 29, 43, 46, 59, 62, 70, 102, 112, 114, 116, 118, 146, 148, 154, 155, 953, 960, 1012
Input 0th, Cycle: 231, Similarity: 100, Columns: 20, SDR: 7, 24, 29, 43, 46, 59, 62, 70, 102, 112, 114, 116, 118, 146, 148, 154, 155, 953, 960, 1012
Input 0th, Cycle: 232, Similarity: 100, Columns: 20, SDR: 7, 24, 29, 43, 46, 59, 62, 70, 102, 112, 114, 116, 118, 146, 148, 154, 155, 953, 960, 1012
Input 0th, Cycle: 233, Similarity: 100, Columns: 20, SDR: 7, 24, 29, 43, 46, 59, 62, 70, 102, 112, 114, 116, 118, 146, 148, 154, 155, 953, 960, 1012
Input 0th, Cycle: 234, Similarity: 100, Columns: 20, SDR: 7, 24, 29, 43, 46, 59, 62, 70, 102, 112, 114, 116, 118, 146, 148, 154, 155, 953, 960, 1012
Input 0th, Cycle: 235, Similarity: 100, Columns: 20, SDR: 7, 24, 29, 43, 46, 59, 62, 70, 102, 112, 114, 116, 118, 146, 148, 154, 155, 953, 960, 1012
Input 0th, Cycle: 236, Similarity: 100, Columns: 20, SDR: 7, 24, 29, 43, 46, 59, 62, 70, 102, 112, 114, 116, 118, 146, 148, 154, 155, 953, 960, 1012
Input 0th, Cycle: 237, Similarity: 100, Columns: 20, SDR: 7, 24, 29, 43, 46, 59, 62, 70, 102, 112, 114, 116, 118, 146, 148, 154, 155, 953, 960, 1012
Input 0th, Cycle: 238, Similarity: 100, Columns: 20, SDR: 7, 24, 29, 43, 46, 59, 62, 70, 102, 112, 114, 116, 118, 146, 148, 154, 155, 953, 960, 1012
Input 0th, Cycle: 239, Similarity: 100, Columns: 20, SDR: 7, 24, 29, 43, 46, 59, 62, 70, 102, 112, 114, 116, 118, 146, 148, 154, 155, 953, 960, 1012
Input 0th, Cycle: 240, Similarity: 100, Columns: 20, SDR: 7, 24, 29, 43, 46, 59, 62, 70, 102, 112, 114, 116, 118, 146, 148, 154, 155, 953, 960, 1012
Input 0th, Cycle: 241, Similarity: 100, Columns: 20, SDR: 7, 24, 29, 43, 46, 59, 62, 70, 102, 112, 114, 116, 118, 146, 148, 154, 155, 953, 960, 1012
Input 0th, Cycle: 242, Similarity: 100, Columns: 20, SDR: 7, 24, 29, 43, 46, 59, 62, 70, 102, 112, 114, 116, 118, 146, 148, 154, 155, 953, 960, 1012
Input 0th, Cycle: 243, Similarity: 100, Columns: 20, SDR: 7, 24, 29, 43, 46, 59, 62, 70, 102, 112, 114, 116, 118, 146, 148, 154, 155, 953, 960, 1012
Input 0th, Cycle: 244, Similarity: 100, Columns: 20, SDR: 7, 24, 29, 43, 46, 59, 62, 70, 102, 112, 114, 116, 118, 146, 148, 154, 155, 953, 960, 1012
Input 0th, Cycle: 245, Similarity: 100, Columns: 20, SDR: 7, 24, 29, 43, 46, 59, 62, 70, 102, 112, 114, 116, 118, 146, 148, 154, 155, 953, 960, 1012
Input 0th, Cycle: 246, Similarity: 100, Columns: 20, SDR: 7, 24, 29, 43, 46, 59, 62, 70, 102, 112, 114, 116, 118, 146, 148, 154, 155, 953, 960, 1012
Input 0th, Cycle: 247, Similarity: 100, Columns: 20, SDR: 7, 24, 29, 43, 46, 59, 62, 70, 102, 112, 114, 116, 118, 146, 148, 154, 155, 953, 960, 1012
Input 0th, Cycle: 248, Similarity: 100, Columns: 20, SDR: 7, 24, 29, 43, 46, 59, 62, 70, 102, 112, 114, 116, 118, 146, 148, 154, 155, 953, 960, 1012
Input 0th, Cycle: 249, Similarity: 100, Columns: 20, SDR: 7, 24, 29, 43, 46, 59, 62, 70, 102, 112, 114, 116, 118, 146, 148, 154, 155, 953, 960, 1012
Input 0th, Cycle: 250, Similarity: 100, Columns: 20, SDR: 7, 24, 29, 43, 46, 59, 62, 70, 102, 112, 114, 116, 118, 146, 148, 154, 155, 953, 960, 1012
Input 0th, Cycle: 251, Similarity: 100, Columns: 20, SDR: 7, 24, 29, 43, 46, 59, 62, 70, 102, 112, 114, 116, 118, 146, 148, 154, 155, 953, 960, 1012
Input 0th, Cycle: 252, Similarity: 100, Columns: 20, SDR: 7, 24, 29, 43, 46, 59, 62, 70, 102, 112, 114, 116, 118, 146, 148, 154, 155, 953, 960, 1012
Input 0th, Cycle: 253, Similarity: 100, Columns: 20, SDR: 7, 24, 29, 43, 46, 59, 62, 70, 102, 112, 114, 116, 118, 146, 148, 154, 155, 953, 960, 1012
Input 0th, Cycle: 254, Similarity: 100, Columns: 20, SDR: 7, 24, 29, 43, 46, 59, 62, 70, 102, 112, 114, 116, 118, 146, 148, 154, 155, 953, 960, 1012
Input 0th, Cycle: 255, Similarity: 100, Columns: 20, SDR: 7, 24, 29, 43, 46, 59, 62, 70, 102, 112, 114, 116, 118, 146, 148, 154, 155, 953, 960, 1012
Input 0th, Cycle: 256, Similarity: 100, Columns: 20, SDR: 7, 24, 29, 43, 46, 59, 62, 70, 102, 112, 114, 116, 118, 146, 148, 154, 155, 953, 960, 1012
Input 0th, Cycle: 257, Similarity: 100, Columns: 20, SDR: 7, 24, 29, 43, 46, 59, 62, 70, 102, 112, 114, 116, 118, 146, 148, 154, 155, 953, 960, 1012
Input 0th, Cycle: 258, Similarity: 100, Columns: 20, SDR: 7, 24, 29, 43, 46, 59, 62, 70, 102, 112, 114, 116, 118, 146, 148, 154, 155, 953, 960, 1012
Input 0th, Cycle: 259, Similarity: 100, Columns: 20, SDR: 7, 24, 29, 43, 46, 59, 62, 70, 102, 112, 114, 116, 118, 146, 148, 154, 155, 953, 960, 1012
Input 0th, Cycle: 260, Similarity: 100, Columns: 20, SDR: 7, 24, 29, 43, 46, 59, 62, 70, 102, 112, 114, 116, 118, 146, 148, 154, 155, 953, 960, 1012
Input 0th, Cycle: 261, Similarity: 100, Columns: 20, SDR: 7, 24, 29, 43, 46, 59, 62, 70, 102, 112, 114, 116, 118, 146, 148, 154, 155, 953, 960, 1012
Input 0th, Cycle: 262, Similarity: 100, Columns: 20, SDR: 7, 24, 29, 43, 46, 59, 62, 70, 102, 112, 114, 116, 118, 146, 148, 154, 155, 953, 960, 1012
Input 0th, Cycle: 263, Similarity: 100, Columns: 20, SDR: 7, 24, 29, 43, 46, 59, 62, 70, 102, 112, 114, 116, 118, 146, 148, 154, 155, 953, 960, 1012
Input 0th, Cycle: 264, Similarity: 100, Columns: 20, SDR: 7, 24, 29, 43, 46, 59, 62, 70, 102, 112, 114, 116, 118, 146, 148, 154, 155, 953, 960, 1012
Input 0th, Cycle: 265, Similarity: 100, Columns: 20, SDR: 7, 24, 29, 43, 46, 59, 62, 70, 102, 112, 114, 116, 118, 146, 148, 154, 155, 953, 960, 1012
Input 0th, Cycle: 266, Similarity: 100, Columns: 20, SDR: 7, 24, 29, 43, 46, 59, 62, 70, 102, 112, 114, 116, 118, 146, 148, 154, 155, 953, 960, 1012
Input 0th, Cycle: 267, Similarity: 100, Columns: 20, SDR: 7, 24, 29, 43, 46, 59, 62, 70, 102, 112, 114, 116, 118, 146, 148, 154, 155, 953, 960, 1012
Input 0th, Cycle: 268, Similarity: 100, Columns: 20, SDR: 7, 24, 29, 43, 46, 59, 62, 70, 102, 112, 114, 116, 118, 146, 148, 154, 155, 953, 960, 1012
Input 0th, Cycle: 269, Similarity: 100, Columns: 20, SDR: 7, 24, 29, 43, 46, 59, 62, 70, 102, 112, 114, 116, 118, 146, 148, 154, 155, 953, 960, 1012
Input 0th, Cycle: 270, Similarity: 100, Columns: 20, SDR: 7, 24, 29, 43, 46, 59, 62, 70, 102, 112, 114, 116, 118, 146, 148, 154, 155, 953, 960, 1012
Input 0th, Cycle: 271, Similarity: 100, Columns: 20, SDR: 7, 24, 29, 43, 46, 59, 62, 70, 102, 112, 114, 116, 118, 146, 148, 154, 155, 953, 960, 1012
Input 0th, Cycle: 272, Similarity: 100, Columns: 20, SDR: 7, 24, 29, 43, 46, 59, 62, 70, 102, 112, 114, 116, 118, 146, 148, 154, 155, 953, 960, 1012
Input 0th, Cycle: 273, Similarity: 100, Columns: 20, SDR: 7, 24, 29, 43, 46, 59, 62, 70, 102, 112, 114, 116, 118, 146, 148, 154, 155, 953, 960, 1012
Input 0th, Cycle: 274, Similarity: 100, Columns: 20, SDR: 7, 24, 29, 43, 46, 59, 62, 70, 102, 112, 114, 116, 118, 146, 148, 154, 155, 953, 960, 1012
Input 0th, Cycle: 275, Similarity: 100, Columns: 20, SDR: 7, 24, 29, 43, 46, 59, 62, 70, 102, 112, 114, 116, 118, 146, 148, 154, 155, 953, 960, 1012
Input 0th, Cycle: 276, Similarity: 100, Columns: 20, SDR: 7, 24, 29, 43, 46, 59, 62, 70, 102, 112, 114, 116, 118, 146, 148, 154, 155, 953, 960, 1012
Input 0th, Cycle: 277, Similarity: 100, Columns: 20, SDR: 7, 24, 29, 43, 46, 59, 62, 70, 102, 112, 114, 116, 118, 146, 148, 154, 155, 953, 960, 1012
Input 0th, Cycle: 278, Similarity: 100, Columns: 20, SDR: 7, 24, 29, 43, 46, 59, 62, 70, 102, 112, 114, 116, 118, 146, 148, 154, 155, 953, 960, 1012
Input 0th, Cycle: 279, Similarity: 100, Columns: 20, SDR: 7, 24, 29, 43, 46, 59, 62, 70, 102, 112, 114, 116, 118, 146, 148, 154, 155, 953, 960, 1012
Input 0th, Cycle: 280, Similarity: 100, Columns: 20, SDR: 7, 24, 29, 43, 46, 59, 62, 70, 102, 112, 114, 116, 118, 146, 148, 154, 155, 953, 960, 1012
Input 0th, Cycle: 281, Similarity: 100, Columns: 20, SDR: 7, 24, 29, 43, 46, 59, 62, 70, 102, 112, 114, 116, 118, 146, 148, 154, 155, 953, 960, 1012
Input 0th, Cycle: 282, Similarity: 100, Columns: 20, SDR: 7, 24, 29, 43, 46, 59, 62, 70, 102, 112, 114, 116, 118, 146, 148, 154, 155, 953, 960, 1012
Input 0th, Cycle: 283, Similarity: 100, Columns: 20, SDR: 7, 24, 29, 43, 46, 59, 62, 70, 102, 112, 114, 116, 118, 146, 148, 154, 155, 953, 960, 1012
Input 0th, Cycle: 284, Similarity: 100, Columns: 20, SDR: 7, 24, 29, 43, 46, 59, 62, 70, 102, 112, 114, 116, 118, 146, 148, 154, 155, 953, 960, 1012
Input 0th, Cycle: 285, Similarity: 100, Columns: 20, SDR: 7, 24, 29, 43, 46, 59, 62, 70, 102, 112, 114, 116, 118, 146, 148, 154, 155, 953, 960, 1012
Input 0th, Cycle: 286, Similarity: 100, Columns: 20, SDR: 7, 24, 29, 43, 46, 59, 62, 70, 102, 112, 114, 116, 118, 146, 148, 154, 155, 953, 960, 1012
Input 0th, Cycle: 287, Similarity: 100, Columns: 20, SDR: 7, 24, 29, 43, 46, 59, 62, 70, 102, 112, 114, 116, 118, 146, 148, 154, 155, 953, 960, 1012
Input 0th, Cycle: 288, Similarity: 100, Columns: 20, SDR: 7, 24, 29, 43, 46, 59, 62, 70, 102, 112, 114, 116, 118, 146, 148, 154, 155, 953, 960, 1012
Input 0th, Cycle: 289, Similarity: 100, Columns: 20, SDR: 7, 24, 29, 43, 46, 59, 62, 70, 102, 112, 114, 116, 118, 146, 148, 154, 155, 953, 960, 1012
Input 0th, Cycle: 290, Similarity: 100, Columns: 20, SDR: 7, 24, 29, 43, 46, 59, 62, 70, 102, 112, 114, 116, 118, 146, 148, 154, 155, 953, 960, 1012
Input 0th, Cycle: 291, Similarity: 100, Columns: 20, SDR: 7, 24, 29, 43, 46, 59, 62, 70, 102, 112, 114, 116, 118, 146, 148, 154, 155, 953, 960, 1012
Input 0th, Cycle: 292, Similarity: 100, Columns: 20, SDR: 7, 24, 29, 43, 46, 59, 62, 70, 102, 112, 114, 116, 118, 146, 148, 154, 155, 953, 960, 1012
Input 0th, Cycle: 293, Similarity: 100, Columns: 20, SDR: 7, 24, 29, 43, 46, 59, 62, 70, 102, 112, 114, 116, 118, 146, 148, 154, 155, 953, 960, 1012
Input 0th, Cycle: 294, Similarity: 100, Columns: 20, SDR: 7, 24, 29, 43, 46, 59, 62, 70, 102, 112, 114, 116, 118, 146, 148, 154, 155, 953, 960, 1012
Input 0th, Cycle: 295, Similarity: 100, Columns: 20, SDR: 7, 24, 29, 43, 46, 59, 62, 70, 102, 112, 114, 116, 118, 146, 148, 154, 155, 953, 960, 1012
Input 0th, Cycle: 296, Similarity: 100, Columns: 20, SDR: 7, 24, 29, 43, 46, 59, 62, 70, 102, 112, 114, 116, 118, 146, 148, 154, 155, 953, 960, 1012
Input 0th, Cycle: 297, Similarity: 100, Columns: 20, SDR: 7, 24, 29, 43, 46, 59, 62, 70, 102, 112, 114, 116, 118, 146, 148, 154, 155, 953, 960, 1012
Input 0th, Cycle: 298, Similarity: 100, Columns: 20, SDR: 7, 24, 29, 43, 46, 59, 62, 70, 102, 112, 114, 116, 118, 146, 148, 154, 155, 953, 960, 1012
Input 0th, Cycle: 299, Similarity: 100, Columns: 20, SDR: 7, 24, 29, 43, 46, 59, 62, 70, 102, 112, 114, 116, 118, 146, 148, 154, 155, 953, 960, 1012
Input 0th, Cycle: 300, Similarity: 100, Columns: 20, SDR: 7, 24, 29, 43, 46, 59, 62, 70, 102, 112, 114, 116, 118, 146, 148, 154, 155, 953, 960, 1012
Input 0th, Cycle: 301, Similarity: 100, Columns: 20, SDR: 7, 24, 29, 43, 46, 59, 62, 70, 102, 112, 114, 116, 118, 146, 148, 154, 155, 953, 960, 1012
Input 0th, Cycle: 302, Similarity: 100, Columns: 20, SDR: 7, 24, 29, 43, 46, 59, 62, 70, 102, 112, 114, 116, 118, 146, 148, 154, 155, 953, 960, 1012
Input 0th, Cycle: 303, Similarity: 100, Columns: 20, SDR: 7, 24, 29, 43, 46, 59, 62, 70, 102, 112, 114, 116, 118, 146, 148, 154, 155, 953, 960, 1012
Input 0th, Cycle: 304, Similarity: 100, Columns: 20, SDR: 7, 24, 29, 43, 46, 59, 62, 70, 102, 112, 114, 116, 118, 146, 148, 154, 155, 953, 960, 1012
Input 0th, Cycle: 305, Similarity: 100, Columns: 20, SDR: 7, 24, 29, 43, 46, 59, 62, 70, 102, 112, 114, 116, 118, 146, 148, 154, 155, 953, 960, 1012
Input 0th, Cycle: 306, Similarity: 100, Columns: 20, SDR: 7, 24, 29, 43, 46, 59, 62, 70, 102, 112, 114, 116, 118, 146, 148, 154, 155, 953, 960, 1012
Input 0th, Cycle: 307, Similarity: 100, Columns: 20, SDR: 7, 24, 29, 43, 46, 59, 62, 70, 102, 112, 114, 116, 118, 146, 148, 154, 155, 953, 960, 1012
Input 0th, Cycle: 308, Similarity: 100, Columns: 20, SDR: 7, 24, 29, 43, 46, 59, 62, 70, 102, 112, 114, 116, 118, 146, 148, 154, 155, 953, 960, 1012
Input 0th, Cycle: 309, Similarity: 100, Columns: 20, SDR: 7, 24, 29, 43, 46, 59, 62, 70, 102, 112, 114, 116, 118, 146, 148, 154, 155, 953, 960, 1012
Input 0th, Cycle: 310, Similarity: 100, Columns: 20, SDR: 7, 24, 29, 43, 46, 59, 62, 70, 102, 112, 114, 116, 118, 146, 148, 154, 155, 953, 960, 1012
Input 0th, Cycle: 311, Similarity: 100, Columns: 20, SDR: 7, 24, 29, 43, 46, 59, 62, 70, 102, 112, 114, 116, 118, 146, 148, 154, 155, 953, 960, 1012
Input 0th, Cycle: 312, Similarity: 100, Columns: 20, SDR: 7, 24, 29, 43, 46, 59, 62, 70, 102, 112, 114, 116, 118, 146, 148, 154, 155, 953, 960, 1012
Input 0th, Cycle: 313, Similarity: 100, Columns: 20, SDR: 7, 24, 29, 43, 46, 59, 62, 70, 102, 112, 114, 116, 118, 146, 148, 154, 155, 953, 960, 1012
Input 0th, Cycle: 314, Similarity: 100, Columns: 20, SDR: 7, 24, 29, 43, 46, 59, 62, 70, 102, 112, 114, 116, 118, 146, 148, 154, 155, 953, 960, 1012
Input 0th, Cycle: 315, Similarity: 100, Columns: 20, SDR: 7, 24, 29, 43, 46, 59, 62, 70, 102, 112, 114, 116, 118, 146, 148, 154, 155, 953, 960, 1012
Input 0th, Cycle: 316, Similarity: 100, Columns: 20, SDR: 7, 24, 29, 43, 46, 59, 62, 70, 102, 112, 114, 116, 118, 146, 148, 154, 155, 953, 960, 1012
Input 0th, Cycle: 317, Similarity: 100, Columns: 20, SDR: 7, 24, 29, 43, 46, 59, 62, 70, 102, 112, 114, 116, 118, 146, 148, 154, 155, 953, 960, 1012
Input 0th, Cycle: 318, Similarity: 100, Columns: 20, SDR: 7, 24, 29, 43, 46, 59, 62, 70, 102, 112, 114, 116, 118, 146, 148, 154, 155, 953, 960, 1012
Input 0th, Cycle: 319, Similarity: 100, Columns: 20, SDR: 7, 24, 29, 43, 46, 59, 62, 70, 102, 112, 114, 116, 118, 146, 148, 154, 155, 953, 960, 1012
Input 0th, Cycle: 320, Similarity: 100, Columns: 20, SDR: 7, 24, 29, 43, 46, 59, 62, 70, 102, 112, 114, 116, 118, 146, 148, 154, 155, 953, 960, 1012
Input 0th, Cycle: 321, Similarity: 100, Columns: 20, SDR: 7, 24, 29, 43, 46, 59, 62, 70, 102, 112, 114, 116, 118, 146, 148, 154, 155, 953, 960, 1012
Input 0th, Cycle: 322, Similarity: 100, Columns: 20, SDR: 7, 24, 29, 43, 46, 59, 62, 70, 102, 112, 114, 116, 118, 146, 148, 154, 155, 953, 960, 1012
Input 0th, Cycle: 323, Similarity: 100, Columns: 20, SDR: 7, 24, 29, 43, 46, 59, 62, 70, 102, 112, 114, 116, 118, 146, 148, 154, 155, 953, 960, 1012
Input 0th, Cycle: 324, Similarity: 100, Columns: 20, SDR: 7, 24, 29, 43, 46, 59, 62, 70, 102, 112, 114, 116, 118, 146, 148, 154, 155, 953, 960, 1012
Input 0th, Cycle: 325, Similarity: 100, Columns: 20, SDR: 7, 24, 29, 43, 46, 59, 62, 70, 102, 112, 114, 116, 118, 146, 148, 154, 155, 953, 960, 1012
Input 0th, Cycle: 326, Similarity: 100, Columns: 20, SDR: 7, 24, 29, 43, 46, 59, 62, 70, 102, 112, 114, 116, 118, 146, 148, 154, 155, 953, 960, 1012
Input 0th, Cycle: 327, Similarity: 100, Columns: 20, SDR: 7, 24, 29, 43, 46, 59, 62, 70, 102, 112, 114, 116, 118, 146, 148, 154, 155, 953, 960, 1012
Input 0th, Cycle: 328, Similarity: 100, Columns: 20, SDR: 7, 24, 29, 43, 46, 59, 62, 70, 102, 112, 114, 116, 118, 146, 148, 154, 155, 953, 960, 1012
Input 0th, Cycle: 329, Similarity: 100, Columns: 20, SDR: 7, 24, 29, 43, 46, 59, 62, 70, 102, 112, 114, 116, 118, 146, 148, 154, 155, 953, 960, 1012
Input 0th, Cycle: 330, Similarity: 100, Columns: 20, SDR: 7, 24, 29, 43, 46, 59, 62, 70, 102, 112, 114, 116, 118, 146, 148, 154, 155, 953, 960, 1012
Input 0th, Cycle: 331, Similarity: 100, Columns: 20, SDR: 7, 24, 29, 43, 46, 59, 62, 70, 102, 112, 114, 116, 118, 146, 148, 154, 155, 953, 960, 1012
Input 0th, Cycle: 332, Similarity: 100, Columns: 20, SDR: 7, 24, 29, 43, 46, 59, 62, 70, 102, 112, 114, 116, 118, 146, 148, 154, 155, 953, 960, 1012
Input 0th, Cycle: 333, Similarity: 100, Columns: 20, SDR: 7, 24, 29, 43, 46, 59, 62, 70, 102, 112, 114, 116, 118, 146, 148, 154, 155, 953, 960, 1012
Input 0th, Cycle: 334, Similarity: 100, Columns: 20, SDR: 7, 24, 29, 43, 46, 59, 62, 70, 102, 112, 114, 116, 118, 146, 148, 154, 155, 953, 960, 1012
Input 0th, Cycle: 335, Similarity: 100, Columns: 20, SDR: 7, 24, 29, 43, 46, 59, 62, 70, 102, 112, 114, 116, 118, 146, 148, 154, 155, 953, 960, 1012
Input 0th, Cycle: 336, Similarity: 100, Columns: 20, SDR: 7, 24, 29, 43, 46, 59, 62, 70, 102, 112, 114, 116, 118, 146, 148, 154, 155, 953, 960, 1012
Input 0th, Cycle: 337, Similarity: 100, Columns: 20, SDR: 7, 24, 29, 43, 46, 59, 62, 70, 102, 112, 114, 116, 118, 146, 148, 154, 155, 953, 960, 1012
Input 0th, Cycle: 338, Similarity: 100, Columns: 20, SDR: 7, 24, 29, 43, 46, 59, 62, 70, 102, 112, 114, 116, 118, 146, 148, 154, 155, 953, 960, 1012
Input 0th, Cycle: 339, Similarity: 100, Columns: 20, SDR: 7, 24, 29, 43, 46, 59, 62, 70, 102, 112, 114, 116, 118, 146, 148, 154, 155, 953, 960, 1012
Input 0th, Cycle: 340, Similarity: 100, Columns: 20, SDR: 7, 24, 29, 43, 46, 59, 62, 70, 102, 112, 114, 116, 118, 146, 148, 154, 155, 953, 960, 1012
Input 0th, Cycle: 341, Similarity: 100, Columns: 20, SDR: 7, 24, 29, 43, 46, 59, 62, 70, 102, 112, 114, 116, 118, 146, 148, 154, 155, 953, 960, 1012
Input 0th, Cycle: 342, Similarity: 100, Columns: 20, SDR: 7, 24, 29, 43, 46, 59, 62, 70, 102, 112, 114, 116, 118, 146, 148, 154, 155, 953, 960, 1012
Input 0th, Cycle: 343, Similarity: 100, Columns: 20, SDR: 7, 24, 29, 43, 46, 59, 62, 70, 102, 112, 114, 116, 118, 146, 148, 154, 155, 953, 960, 1012
Input 0th, Cycle: 344, Similarity: 100, Columns: 20, SDR: 7, 24, 29, 43, 46, 59, 62, 70, 102, 112, 114, 116, 118, 146, 148, 154, 155, 953, 960, 1012
Input 0th, Cycle: 345, Similarity: 100, Columns: 20, SDR: 7, 24, 29, 43, 46, 59, 62, 70, 102, 112, 114, 116, 118, 146, 148, 154, 155, 953, 960, 1012
Input 0th, Cycle: 346, Similarity: 100, Columns: 20, SDR: 7, 24, 29, 43, 46, 59, 62, 70, 102, 112, 114, 116, 118, 146, 148, 154, 155, 953, 960, 1012
Input 0th, Cycle: 347, Similarity: 100, Columns: 20, SDR: 7, 24, 29, 43, 46, 59, 62, 70, 102, 112, 114, 116, 118, 146, 148, 154, 155, 953, 960, 1012
Input 0th, Cycle: 348, Similarity: 100, Columns: 20, SDR: 7, 24, 29, 43, 46, 59, 62, 70, 102, 112, 114, 116, 118, 146, 148, 154, 155, 953, 960, 1012
Input 0th, Cycle: 349, Similarity: 100, Columns: 20, SDR: 7, 24, 29, 43, 46, 59, 62, 70, 102, 112, 114, 116, 118, 146, 148, 154, 155, 953, 960, 1012
Input 0th, Cycle: 350, Similarity: 100, Columns: 20, SDR: 7, 24, 29, 43, 46, 59, 62, 70, 102, 112, 114, 116, 118, 146, 148, 154, 155, 953, 960, 1012
Input 0th, Cycle: 351, Similarity: 100, Columns: 20, SDR: 7, 24, 29, 43, 46, 59, 62, 70, 102, 112, 114, 116, 118, 146, 148, 154, 155, 953, 960, 1012
Input 0th, Cycle: 352, Similarity: 100, Columns: 20, SDR: 7, 24, 29, 43, 46, 59, 62, 70, 102, 112, 114, 116, 118, 146, 148, 154, 155, 953, 960, 1012
Input 0th, Cycle: 353, Similarity: 100, Columns: 20, SDR: 7, 24, 29, 43, 46, 59, 62, 70, 102, 112, 114, 116, 118, 146, 148, 154, 155, 953, 960, 1012
Input 0th, Cycle: 354, Similarity: 100, Columns: 20, SDR: 7, 24, 29, 43, 46, 59, 62, 70, 102, 112, 114, 116, 118, 146, 148, 154, 155, 953, 960, 1012
Input 0th, Cycle: 355, Similarity: 100, Columns: 20, SDR: 7, 24, 29, 43, 46, 59, 62, 70, 102, 112, 114, 116, 118, 146, 148, 154, 155, 953, 960, 1012
Input 0th, Cycle: 356, Similarity: 100, Columns: 20, SDR: 7, 24, 29, 43, 46, 59, 62, 70, 102, 112, 114, 116, 118, 146, 148, 154, 155, 953, 960, 1012
Input 0th, Cycle: 357, Similarity: 100, Columns: 20, SDR: 7, 24, 29, 43, 46, 59, 62, 70, 102, 112, 114, 116, 118, 146, 148, 154, 155, 953, 960, 1012
Input 0th, Cycle: 358, Similarity: 100, Columns: 20, SDR: 7, 24, 29, 43, 46, 59, 62, 70, 102, 112, 114, 116, 118, 146, 148, 154, 155, 953, 960, 1012
Input 0th, Cycle: 359, Similarity: 100, Columns: 20, SDR: 7, 24, 29, 43, 46, 59, 62, 70, 102, 112, 114, 116, 118, 146, 148, 154, 155, 953, 960, 1012
Input 0th, Cycle: 360, Similarity: 100, Columns: 20, SDR: 7, 24, 29, 43, 46, 59, 62, 70, 102, 112, 114, 116, 118, 146, 148, 154, 155, 953, 960, 1012
Input 0th, Cycle: 361, Similarity: 100, Columns: 20, SDR: 7, 24, 29, 43, 46, 59, 62, 70, 102, 112, 114, 116, 118, 146, 148, 154, 155, 953, 960, 1012
Input 0th, Cycle: 362, Similarity: 100, Columns: 20, SDR: 7, 24, 29, 43, 46, 59, 62, 70, 102, 112, 114, 116, 118, 146, 148, 154, 155, 953, 960, 1012
Input 0th, Cycle: 363, Similarity: 100, Columns: 20, SDR: 7, 24, 29, 43, 46, 59, 62, 70, 102, 112, 114, 116, 118, 146, 148, 154, 155, 953, 960, 1012
Input 0th, Cycle: 364, Similarity: 100, Columns: 20, SDR: 7, 24, 29, 43, 46, 59, 62, 70, 102, 112, 114, 116, 118, 146, 148, 154, 155, 953, 960, 1012
Input 0th, Cycle: 365, Similarity: 100, Columns: 20, SDR: 7, 24, 29, 43, 46, 59, 62, 70, 102, 112, 114, 116, 118, 146, 148, 154, 155, 953, 960, 1012
Input 0th, Cycle: 366, Similarity: 100, Columns: 20, SDR: 7, 24, 29, 43, 46, 59, 62, 70, 102, 112, 114, 116, 118, 146, 148, 154, 155, 953, 960, 1012
Input 0th, Cycle: 367, Similarity: 100, Columns: 20, SDR: 7, 24, 29, 43, 46, 59, 62, 70, 102, 112, 114, 116, 118, 146, 148, 154, 155, 953, 960, 1012
Input 0th, Cycle: 368, Similarity: 100, Columns: 20, SDR: 7, 24, 29, 43, 46, 59, 62, 70, 102, 112, 114, 116, 118, 146, 148, 154, 155, 953, 960, 1012
Input 0th, Cycle: 369, Similarity: 100, Columns: 20, SDR: 7, 24, 29, 43, 46, 59, 62, 70, 102, 112, 114, 116, 118, 146, 148, 154, 155, 953, 960, 1012
Input 0th, Cycle: 370, Similarity: 100, Columns: 20, SDR: 7, 24, 29, 43, 46, 59, 62, 70, 102, 112, 114, 116, 118, 146, 148, 154, 155, 953, 960, 1012
Input 0th, Cycle: 371, Similarity: 100, Columns: 20, SDR: 7, 24, 29, 43, 46, 59, 62, 70, 102, 112, 114, 116, 118, 146, 148, 154, 155, 953, 960, 1012
Input 0th, Cycle: 372, Similarity: 100, Columns: 20, SDR: 7, 24, 29, 43, 46, 59, 62, 70, 102, 112, 114, 116, 118, 146, 148, 154, 155, 953, 960, 1012
Input 0th, Cycle: 373, Similarity: 100, Columns: 20, SDR: 7, 24, 29, 43, 46, 59, 62, 70, 102, 112, 114, 116, 118, 146, 148, 154, 155, 953, 960, 1012
Input 0th, Cycle: 374, Similarity: 100, Columns: 20, SDR: 7, 24, 29, 43, 46, 59, 62, 70, 102, 112, 114, 116, 118, 146, 148, 154, 155, 953, 960, 1012
Input 0th, Cycle: 375, Similarity: 100, Columns: 20, SDR: 7, 24, 29, 43, 46, 59, 62, 70, 102, 112, 114, 116, 118, 146, 148, 154, 155, 953, 960, 1012
Input 0th, Cycle: 376, Similarity: 100, Columns: 20, SDR: 7, 24, 29, 43, 46, 59, 62, 70, 102, 112, 114, 116, 118, 146, 148, 154, 155, 953, 960, 1012
Input 0th, Cycle: 377, Similarity: 100, Columns: 20, SDR: 7, 24, 29, 43, 46, 59, 62, 70, 102, 112, 114, 116, 118, 146, 148, 154, 155, 953, 960, 1012
Input 0th, Cycle: 378, Similarity: 100, Columns: 20, SDR: 7, 24, 29, 43, 46, 59, 62, 70, 102, 112, 114, 116, 118, 146, 148, 154, 155, 953, 960, 1012
Input 0th, Cycle: 379, Similarity: 100, Columns: 20, SDR: 7, 24, 29, 43, 46, 59, 62, 70, 102, 112, 114, 116, 118, 146, 148, 154, 155, 953, 960, 1012
Input 0th, Cycle: 380, Similarity: 100, Columns: 20, SDR: 7, 24, 29, 43, 46, 59, 62, 70, 102, 112, 114, 116, 118, 146, 148, 154, 155, 953, 960, 1012
Input 0th, Cycle: 381, Similarity: 100, Columns: 20, SDR: 7, 24, 29, 43, 46, 59, 62, 70, 102, 112, 114, 116, 118, 146, 148, 154, 155, 953, 960, 1012
Input 0th, Cycle: 382, Similarity: 100, Columns: 20, SDR: 7, 24, 29, 43, 46, 59, 62, 70, 102, 112, 114, 116, 118, 146, 148, 154, 155, 953, 960, 1012
Input 0th, Cycle: 383, Similarity: 100, Columns: 20, SDR: 7, 24, 29, 43, 46, 59, 62, 70, 102, 112, 114, 116, 118, 146, 148, 154, 155, 953, 960, 1012
Input 0th, Cycle: 384, Similarity: 100, Columns: 20, SDR: 7, 24, 29, 43, 46, 59, 62, 70, 102, 112, 114, 116, 118, 146, 148, 154, 155, 953, 960, 1012
Input 0th, Cycle: 385, Similarity: 100, Columns: 20, SDR: 7, 24, 29, 43, 46, 59, 62, 70, 102, 112, 114, 116, 118, 146, 148, 154, 155, 953, 960, 1012
Input 0th, Cycle: 386, Similarity: 100, Columns: 20, SDR: 7, 24, 29, 43, 46, 59, 62, 70, 102, 112, 114, 116, 118, 146, 148, 154, 155, 953, 960, 1012
Input 0th, Cycle: 387, Similarity: 100, Columns: 20, SDR: 7, 24, 29, 43, 46, 59, 62, 70, 102, 112, 114, 116, 118, 146, 148, 154, 155, 953, 960, 1012
Input 0th, Cycle: 388, Similarity: 100, Columns: 20, SDR: 7, 24, 29, 43, 46, 59, 62, 70, 102, 112, 114, 116, 118, 146, 148, 154, 155, 953, 960, 1012
Input 0th, Cycle: 389, Similarity: 100, Columns: 20, SDR: 7, 24, 29, 43, 46, 59, 62, 70, 102, 112, 114, 116, 118, 146, 148, 154, 155, 953, 960, 1012
Input 0th, Cycle: 390, Similarity: 100, Columns: 20, SDR: 7, 24, 29, 43, 46, 59, 62, 70, 102, 112, 114, 116, 118, 146, 148, 154, 155, 953, 960, 1012
Input 0th, Cycle: 391, Similarity: 100, Columns: 20, SDR: 7, 24, 29, 43, 46, 59, 62, 70, 102, 112, 114, 116, 118, 146, 148, 154, 155, 953, 960, 1012
Input 0th, Cycle: 392, Similarity: 100, Columns: 20, SDR: 7, 24, 29, 43, 46, 59, 62, 70, 102, 112, 114, 116, 118, 146, 148, 154, 155, 953, 960, 1012
Input 0th, Cycle: 393, Similarity: 100, Columns: 20, SDR: 7, 24, 29, 43, 46, 59, 62, 70, 102, 112, 114, 116, 118, 146, 148, 154, 155, 953, 960, 1012
Input 0th, Cycle: 394, Similarity: 100, Columns: 20, SDR: 7, 24, 29, 43, 46, 59, 62, 70, 102, 112, 114, 116, 118, 146, 148, 154, 155, 953, 960, 1012
Input 0th, Cycle: 395, Similarity: 100, Columns: 20, SDR: 7, 24, 29, 43, 46, 59, 62, 70, 102, 112, 114, 116, 118, 146, 148, 154, 155, 953, 960, 1012
Input 0th, Cycle: 396, Similarity: 100, Columns: 20, SDR: 7, 24, 29, 43, 46, 59, 62, 70, 102, 112, 114, 116, 118, 146, 148, 154, 155, 953, 960, 1012
Input 0th, Cycle: 397, Similarity: 100, Columns: 20, SDR: 7, 24, 29, 43, 46, 59, 62, 70, 102, 112, 114, 116, 118, 146, 148, 154, 155, 953, 960, 1012
Input 0th, Cycle: 398, Similarity: 100, Columns: 20, SDR: 7, 24, 29, 43, 46, 59, 62, 70, 102, 112, 114, 116, 118, 146, 148, 154, 155, 953, 960, 1012
Input 0th, Cycle: 399, Similarity: 100, Columns: 20, SDR: 7, 24, 29, 43, 46, 59, 62, 70, 102, 112, 114, 116, 118, 146, 148, 154, 155, 953, 960, 1012
Input 0th, Cycle: 400, Similarity: 100, Columns: 20, SDR: 7, 24, 29, 43, 46, 59, 62, 70, 102, 112, 114, 116, 118, 146, 148, 154, 155, 953, 960, 1012
Input 0th, Cycle: 401, Similarity: 100, Columns: 20, SDR: 7, 24, 29, 43, 46, 59, 62, 70, 102, 112, 114, 116, 118, 146, 148, 154, 155, 953, 960, 1012
Input 0th, Cycle: 402, Similarity: 100, Columns: 20, SDR: 7, 24, 29, 43, 46, 59, 62, 70, 102, 112, 114, 116, 118, 146, 148, 154, 155, 953, 960, 1012
Input 0th, Cycle: 403, Similarity: 100, Columns: 20, SDR: 7, 24, 29, 43, 46, 59, 62, 70, 102, 112, 114, 116, 118, 146, 148, 154, 155, 953, 960, 1012
Input 0th, Cycle: 404, Similarity: 100, Columns: 20, SDR: 7, 24, 29, 43, 46, 59, 62, 70, 102, 112, 114, 116, 118, 146, 148, 154, 155, 953, 960, 1012
Input 0th, Cycle: 405, Similarity: 100, Columns: 20, SDR: 7, 24, 29, 43, 46, 59, 62, 70, 102, 112, 114, 116, 118, 146, 148, 154, 155, 953, 960, 1012
Input 0th, Cycle: 406, Similarity: 100, Columns: 20, SDR: 7, 24, 29, 43, 46, 59, 62, 70, 102, 112, 114, 116, 118, 146, 148, 154, 155, 953, 960, 1012
Input 0th, Cycle: 407, Similarity: 100, Columns: 20, SDR: 7, 24, 29, 43, 46, 59, 62, 70, 102, 112, 114, 116, 118, 146, 148, 154, 155, 953, 960, 1012
Input 0th, Cycle: 408, Similarity: 100, Columns: 20, SDR: 7, 24, 29, 43, 46, 59, 62, 70, 102, 112, 114, 116, 118, 146, 148, 154, 155, 953, 960, 1012
Input 0th, Cycle: 409, Similarity: 100, Columns: 20, SDR: 7, 24, 29, 43, 46, 59, 62, 70, 102, 112, 114, 116, 118, 146, 148, 154, 155, 953, 960, 1012
Input 0th, Cycle: 410, Similarity: 100, Columns: 20, SDR: 7, 24, 29, 43, 46, 59, 62, 70, 102, 112, 114, 116, 118, 146, 148, 154, 155, 953, 960, 1012
Input 0th, Cycle: 411, Similarity: 100, Columns: 20, SDR: 7, 24, 29, 43, 46, 59, 62, 70, 102, 112, 114, 116, 118, 146, 148, 154, 155, 953, 960, 1012
Input 0th, Cycle: 412, Similarity: 100, Columns: 20, SDR: 7, 24, 29, 43, 46, 59, 62, 70, 102, 112, 114, 116, 118, 146, 148, 154, 155, 953, 960, 1012
Input 0th, Cycle: 413, Similarity: 100, Columns: 20, SDR: 7, 24, 29, 43, 46, 59, 62, 70, 102, 112, 114, 116, 118, 146, 148, 154, 155, 953, 960, 1012
Input 0th, Cycle: 414, Similarity: 100, Columns: 20, SDR: 7, 24, 29, 43, 46, 59, 62, 70, 102, 112, 114, 116, 118, 146, 148, 154, 155, 953, 960, 1012
Input 0th, Cycle: 415, Similarity: 100, Columns: 20, SDR: 7, 24, 29, 43, 46, 59, 62, 70, 102, 112, 114, 116, 118, 146, 148, 154, 155, 953, 960, 1012
Input 0th, Cycle: 416, Similarity: 100, Columns: 20, SDR: 7, 24, 29, 43, 46, 59, 62, 70, 102, 112, 114, 116, 118, 146, 148, 154, 155, 953, 960, 1012
Input 0th, Cycle: 417, Similarity: 100, Columns: 20, SDR: 7, 24, 29, 43, 46, 59, 62, 70, 102, 112, 114, 116, 118, 146, 148, 154, 155, 953, 960, 1012
Input 0th, Cycle: 418, Similarity: 100, Columns: 20, SDR: 7, 24, 29, 43, 46, 59, 62, 70, 102, 112, 114, 116, 118, 146, 148, 154, 155, 953, 960, 1012
Input 0th, Cycle: 419, Similarity: 100, Columns: 20, SDR: 7, 24, 29, 43, 46, 59, 62, 70, 102, 112, 114, 116, 118, 146, 148, 154, 155, 953, 960, 1012
Input 0th, Cycle: 420, Similarity: 100, Columns: 20, SDR: 7, 24, 29, 43, 46, 59, 62, 70, 102, 112, 114, 116, 118, 146, 148, 154, 155, 953, 960, 1012
Input 0th, Cycle: 421, Similarity: 100, Columns: 20, SDR: 7, 24, 29, 43, 46, 59, 62, 70, 102, 112, 114, 116, 118, 146, 148, 154, 155, 953, 960, 1012
Input 0th, Cycle: 422, Similarity: 100, Columns: 20, SDR: 7, 24, 29, 43, 46, 59, 62, 70, 102, 112, 114, 116, 118, 146, 148, 154, 155, 953, 960, 1012
Input 0th, Cycle: 423, Similarity: 100, Columns: 20, SDR: 7, 24, 29, 43, 46, 59, 62, 70, 102, 112, 114, 116, 118, 146, 148, 154, 155, 953, 960, 1012
Input 0th, Cycle: 424, Similarity: 100, Columns: 20, SDR: 7, 24, 29, 43, 46, 59, 62, 70, 102, 112, 114, 116, 118, 146, 148, 154, 155, 953, 960, 1012
Input 0th, Cycle: 425, Similarity: 100, Columns: 20, SDR: 7, 24, 29, 43, 46, 59, 62, 70, 102, 112, 114, 116, 118, 146, 148, 154, 155, 953, 960, 1012
Input 0th, Cycle: 426, Similarity: 100, Columns: 20, SDR: 7, 24, 29, 43, 46, 59, 62, 70, 102, 112, 114, 116, 118, 146, 148, 154, 155, 953, 960, 1012
Input 0th, Cycle: 427, Similarity: 100, Columns: 20, SDR: 7, 24, 29, 43, 46, 59, 62, 70, 102, 112, 114, 116, 118, 146, 148, 154, 155, 953, 960, 1012
Input 0th, Cycle: 428, Similarity: 100, Columns: 20, SDR: 7, 24, 29, 43, 46, 59, 62, 70, 102, 112, 114, 116, 118, 146, 148, 154, 155, 953, 960, 1012
Input 0th, Cycle: 429, Similarity: 100, Columns: 20, SDR: 7, 24, 29, 43, 46, 59, 62, 70, 102, 112, 114, 116, 118, 146, 148, 154, 155, 953, 960, 1012
Input 0th, Cycle: 430, Similarity: 100, Columns: 20, SDR: 7, 24, 29, 43, 46, 59, 62, 70, 102, 112, 114, 116, 118, 146, 148, 154, 155, 953, 960, 1012
Input 0th, Cycle: 431, Similarity: 100, Columns: 20, SDR: 7, 24, 29, 43, 46, 59, 62, 70, 102, 112, 114, 116, 118, 146, 148, 154, 155, 953, 960, 1012
Input 0th, Cycle: 432, Similarity: 100, Columns: 20, SDR: 7, 24, 29, 43, 46, 59, 62, 70, 102, 112, 114, 116, 118, 146, 148, 154, 155, 953, 960, 1012
Input 0th, Cycle: 433, Similarity: 100, Columns: 20, SDR: 7, 24, 29, 43, 46, 59, 62, 70, 102, 112, 114, 116, 118, 146, 148, 154, 155, 953, 960, 1012
Input 0th, Cycle: 434, Similarity: 100, Columns: 20, SDR: 7, 24, 29, 43, 46, 59, 62, 70, 102, 112, 114, 116, 118, 146, 148, 154, 155, 953, 960, 1012
Input 0th, Cycle: 435, Similarity: 100, Columns: 20, SDR: 7, 24, 29, 43, 46, 59, 62, 70, 102, 112, 114, 116, 118, 146, 148, 154, 155, 953, 960, 1012
Input 0th, Cycle: 436, Similarity: 100, Columns: 20, SDR: 7, 24, 29, 43, 46, 59, 62, 70, 102, 112, 114, 116, 118, 146, 148, 154, 155, 953, 960, 1012
Input 0th, Cycle: 437, Similarity: 100, Columns: 20, SDR: 7, 24, 29, 43, 46, 59, 62, 70, 102, 112, 114, 116, 118, 146, 148, 154, 155, 953, 960, 1012
Input 0th, Cycle: 438, Similarity: 100, Columns: 20, SDR: 7, 24, 29, 43, 46, 59, 62, 70, 102, 112, 114, 116, 118, 146, 148, 154, 155, 953, 960, 1012
Input 0th, Cycle: 439, Similarity: 100, Columns: 20, SDR: 7, 24, 29, 43, 46, 59, 62, 70, 102, 112, 114, 116, 118, 146, 148, 154, 155, 953, 960, 1012
Input 0th, Cycle: 440, Similarity: 100, Columns: 20, SDR: 7, 24, 29, 43, 46, 59, 62, 70, 102, 112, 114, 116, 118, 146, 148, 154, 155, 953, 960, 1012
Input 0th, Cycle: 441, Similarity: 100, Columns: 20, SDR: 7, 24, 29, 43, 46, 59, 62, 70, 102, 112, 114, 116, 118, 146, 148, 154, 155, 953, 960, 1012
Input 0th, Cycle: 442, Similarity: 100, Columns: 20, SDR: 7, 24, 29, 43, 46, 59, 62, 70, 102, 112, 114, 116, 118, 146, 148, 154, 155, 953, 960, 1012
Input 0th, Cycle: 443, Similarity: 100, Columns: 20, SDR: 7, 24, 29, 43, 46, 59, 62, 70, 102, 112, 114, 116, 118, 146, 148, 154, 155, 953, 960, 1012
Input 0th, Cycle: 444, Similarity: 100, Columns: 20, SDR: 7, 24, 29, 43, 46, 59, 62, 70, 102, 112, 114, 116, 118, 146, 148, 154, 155, 953, 960, 1012
Input 0th, Cycle: 445, Similarity: 100, Columns: 20, SDR: 7, 24, 29, 43, 46, 59, 62, 70, 102, 112, 114, 116, 118, 146, 148, 154, 155, 953, 960, 1012
Input 0th, Cycle: 446, Similarity: 100, Columns: 20, SDR: 7, 24, 29, 43, 46, 59, 62, 70, 102, 112, 114, 116, 118, 146, 148, 154, 155, 953, 960, 1012
Input 0th, Cycle: 447, Similarity: 100, Columns: 20, SDR: 7, 24, 29, 43, 46, 59, 62, 70, 102, 112, 114, 116, 118, 146, 148, 154, 155, 953, 960, 1012
Input 0th, Cycle: 448, Similarity: 100, Columns: 20, SDR: 7, 24, 29, 43, 46, 59, 62, 70, 102, 112, 114, 116, 118, 146, 148, 154, 155, 953, 960, 1012
Input 0th, Cycle: 449, Similarity: 100, Columns: 20, SDR: 7, 24, 29, 43, 46, 59, 62, 70, 102, 112, 114, 116, 118, 146, 148, 154, 155, 953, 960, 1012
Input 0th, Cycle: 450, Similarity: 100, Columns: 20, SDR: 7, 24, 29, 43, 46, 59, 62, 70, 102, 112, 114, 116, 118, 146, 148, 154, 155, 953, 960, 1012
Input 0th, Cycle: 451, Similarity: 100, Columns: 20, SDR: 7, 24, 29, 43, 46, 59, 62, 70, 102, 112, 114, 116, 118, 146, 148, 154, 155, 953, 960, 1012
Input 0th, Cycle: 452, Similarity: 100, Columns: 20, SDR: 7, 24, 29, 43, 46, 59, 62, 70, 102, 112, 114, 116, 118, 146, 148, 154, 155, 953, 960, 1012
Input 0th, Cycle: 453, Similarity: 100, Columns: 20, SDR: 7, 24, 29, 43, 46, 59, 62, 70, 102, 112, 114, 116, 118, 146, 148, 154, 155, 953, 960, 1012
Input 0th, Cycle: 454, Similarity: 100, Columns: 20, SDR: 7, 24, 29, 43, 46, 59, 62, 70, 102, 112, 114, 116, 118, 146, 148, 154, 155, 953, 960, 1012
Input 0th, Cycle: 455, Similarity: 100, Columns: 20, SDR: 7, 24, 29, 43, 46, 59, 62, 70, 102, 112, 114, 116, 118, 146, 148, 154, 155, 953, 960, 1012
Input 0th, Cycle: 456, Similarity: 100, Columns: 20, SDR: 7, 24, 29, 43, 46, 59, 62, 70, 102, 112, 114, 116, 118, 146, 148, 154, 155, 953, 960, 1012
Input 0th, Cycle: 457, Similarity: 100, Columns: 20, SDR: 7, 24, 29, 43, 46, 59, 62, 70, 102, 112, 114, 116, 118, 146, 148, 154, 155, 953, 960, 1012
Input 0th, Cycle: 458, Similarity: 100, Columns: 20, SDR: 7, 24, 29, 43, 46, 59, 62, 70, 102, 112, 114, 116, 118, 146, 148, 154, 155, 953, 960, 1012
Input 0th, Cycle: 459, Similarity: 100, Columns: 20, SDR: 7, 24, 29, 43, 46, 59, 62, 70, 102, 112, 114, 116, 118, 146, 148, 154, 155, 953, 960, 1012
Input 0th, Cycle: 460, Similarity: 100, Columns: 20, SDR: 7, 24, 29, 43, 46, 59, 62, 70, 102, 112, 114, 116, 118, 146, 148, 154, 155, 953, 960, 1012
Input 0th, Cycle: 461, Similarity: 100, Columns: 20, SDR: 7, 24, 29, 43, 46, 59, 62, 70, 102, 112, 114, 116, 118, 146, 148, 154, 155, 953, 960, 1012
Input 0th, Cycle: 462, Similarity: 100, Columns: 20, SDR: 7, 24, 29, 43, 46, 59, 62, 70, 102, 112, 114, 116, 118, 146, 148, 154, 155, 953, 960, 1012
Input 0th, Cycle: 463, Similarity: 100, Columns: 20, SDR: 7, 24, 29, 43, 46, 59, 62, 70, 102, 112, 114, 116, 118, 146, 148, 154, 155, 953, 960, 1012
Input 0th, Cycle: 464, Similarity: 100, Columns: 20, SDR: 7, 24, 29, 43, 46, 59, 62, 70, 102, 112, 114, 116, 118, 146, 148, 154, 155, 953, 960, 1012
Input 0th, Cycle: 465, Similarity: 100, Columns: 20, SDR: 7, 24, 29, 43, 46, 59, 62, 70, 102, 112, 114, 116, 118, 146, 148, 154, 155, 953, 960, 1012
Input 0th, Cycle: 466, Similarity: 100, Columns: 20, SDR: 7, 24, 29, 43, 46, 59, 62, 70, 102, 112, 114, 116, 118, 146, 148, 154, 155, 953, 960, 1012
Input 0th, Cycle: 467, Similarity: 100, Columns: 20, SDR: 7, 24, 29, 43, 46, 59, 62, 70, 102, 112, 114, 116, 118, 146, 148, 154, 155, 953, 960, 1012
Input 0th, Cycle: 468, Similarity: 100, Columns: 20, SDR: 7, 24, 29, 43, 46, 59, 62, 70, 102, 112, 114, 116, 118, 146, 148, 154, 155, 953, 960, 1012
Input 0th, Cycle: 469, Similarity: 100, Columns: 20, SDR: 7, 24, 29, 43, 46, 59, 62, 70, 102, 112, 114, 116, 118, 146, 148, 154, 155, 953, 960, 1012
Input 0th, Cycle: 470, Similarity: 100, Columns: 20, SDR: 7, 24, 29, 43, 46, 59, 62, 70, 102, 112, 114, 116, 118, 146, 148, 154, 155, 953, 960, 1012
Input 0th, Cycle: 471, Similarity: 100, Columns: 20, SDR: 7, 24, 29, 43, 46, 59, 62, 70, 102, 112, 114, 116, 118, 146, 148, 154, 155, 953, 960, 1012
Input 0th, Cycle: 472, Similarity: 100, Columns: 20, SDR: 7, 24, 29, 43, 46, 59, 62, 70, 102, 112, 114, 116, 118, 146, 148, 154, 155, 953, 960, 1012
Input 0th, Cycle: 473, Similarity: 100, Columns: 20, SDR: 7, 24, 29, 43, 46, 59, 62, 70, 102, 112, 114, 116, 118, 146, 148, 154, 155, 953, 960, 1012
Input 0th, Cycle: 474, Similarity: 100, Columns: 20, SDR: 7, 24, 29, 43, 46, 59, 62, 70, 102, 112, 114, 116, 118, 146, 148, 154, 155, 953, 960, 1012
Input 0th, Cycle: 475, Similarity: 100, Columns: 20, SDR: 7, 24, 29, 43, 46, 59, 62, 70, 102, 112, 114, 116, 118, 146, 148, 154, 155, 953, 960, 1012
Input 0th, Cycle: 476, Similarity: 100, Columns: 20, SDR: 7, 24, 29, 43, 46, 59, 62, 70, 102, 112, 114, 116, 118, 146, 148, 154, 155, 953, 960, 1012
Input 0th, Cycle: 477, Similarity: 100, Columns: 20, SDR: 7, 24, 29, 43, 46, 59, 62, 70, 102, 112, 114, 116, 118, 146, 148, 154, 155, 953, 960, 1012
Input 0th, Cycle: 478, Similarity: 100, Columns: 20, SDR: 7, 24, 29, 43, 46, 59, 62, 70, 102, 112, 114, 116, 118, 146, 148, 154, 155, 953, 960, 1012
Input 0th, Cycle: 479, Similarity: 100, Columns: 20, SDR: 7, 24, 29, 43, 46, 59, 62, 70, 102, 112, 114, 116, 118, 146, 148, 154, 155, 953, 960, 1012
Input 0th, Cycle: 480, Similarity: 100, Columns: 20, SDR: 7, 24, 29, 43, 46, 59, 62, 70, 102, 112, 114, 116, 118, 146, 148, 154, 155, 953, 960, 1012
Input 0th, Cycle: 481, Similarity: 100, Columns: 20, SDR: 7, 24, 29, 43, 46, 59, 62, 70, 102, 112, 114, 116, 118, 146, 148, 154, 155, 953, 960, 1012
Input 0th, Cycle: 482, Similarity: 100, Columns: 20, SDR: 7, 24, 29, 43, 46, 59, 62, 70, 102, 112, 114, 116, 118, 146, 148, 154, 155, 953, 960, 1012
Input 0th, Cycle: 483, Similarity: 100, Columns: 20, SDR: 7, 24, 29, 43, 46, 59, 62, 70, 102, 112, 114, 116, 118, 146, 148, 154, 155, 953, 960, 1012
Input 0th, Cycle: 484, Similarity: 100, Columns: 20, SDR: 7, 24, 29, 43, 46, 59, 62, 70, 102, 112, 114, 116, 118, 146, 148, 154, 155, 953, 960, 1012
Input 0th, Cycle: 485, Similarity: 100, Columns: 20, SDR: 7, 24, 29, 43, 46, 59, 62, 70, 102, 112, 114, 116, 118, 146, 148, 154, 155, 953, 960, 1012
Input 0th, Cycle: 486, Similarity: 100, Columns: 20, SDR: 7, 24, 29, 43, 46, 59, 62, 70, 102, 112, 114, 116, 118, 146, 148, 154, 155, 953, 960, 1012
Input 0th, Cycle: 487, Similarity: 100, Columns: 20, SDR: 7, 24, 29, 43, 46, 59, 62, 70, 102, 112, 114, 116, 118, 146, 148, 154, 155, 953, 960, 1012
Input 0th, Cycle: 488, Similarity: 100, Columns: 20, SDR: 7, 24, 29, 43, 46, 59, 62, 70, 102, 112, 114, 116, 118, 146, 148, 154, 155, 953, 960, 1012
Input 0th, Cycle: 489, Similarity: 100, Columns: 20, SDR: 7, 24, 29, 43, 46, 59, 62, 70, 102, 112, 114, 116, 118, 146, 148, 154, 155, 953, 960, 1012
Input 0th, Cycle: 490, Similarity: 100, Columns: 20, SDR: 7, 24, 29, 43, 46, 59, 62, 70, 102, 112, 114, 116, 118, 146, 148, 154, 155, 953, 960, 1012
Input 0th, Cycle: 491, Similarity: 100, Columns: 20, SDR: 7, 24, 29, 43, 46, 59, 62, 70, 102, 112, 114, 116, 118, 146, 148, 154, 155, 953, 960, 1012
Input 0th, Cycle: 492, Similarity: 100, Columns: 20, SDR: 7, 24, 29, 43, 46, 59, 62, 70, 102, 112, 114, 116, 118, 146, 148, 154, 155, 953, 960, 1012
Input 0th, Cycle: 493, Similarity: 100, Columns: 20, SDR: 7, 24, 29, 43, 46, 59, 62, 70, 102, 112, 114, 116, 118, 146, 148, 154, 155, 953, 960, 1012
Input 0th, Cycle: 494, Similarity: 100, Columns: 20, SDR: 7, 24, 29, 43, 46, 59, 62, 70, 102, 112, 114, 116, 118, 146, 148, 154, 155, 953, 960, 1012
Input 0th, Cycle: 495, Similarity: 100, Columns: 20, SDR: 7, 24, 29, 43, 46, 59, 62, 70, 102, 112, 114, 116, 118, 146, 148, 154, 155, 953, 960, 1012
Input 0th, Cycle: 496, Similarity: 100, Columns: 20, SDR: 7, 24, 29, 43, 46, 59, 62, 70, 102, 112, 114, 116, 118, 146, 148, 154, 155, 953, 960, 1012
Input 0th, Cycle: 497, Similarity: 100, Columns: 20, SDR: 7, 24, 29, 43, 46, 59, 62, 70, 102, 112, 114, 116, 118, 146, 148, 154, 155, 953, 960, 1012
Input 0th, Cycle: 498, Similarity: 100, Columns: 20, SDR: 7, 24, 29, 43, 46, 59, 62, 70, 102, 112, 114, 116, 118, 146, 148, 154, 155, 953, 960, 1012
Input 0th, Cycle: 499, Similarity: 100, Columns: 20, SDR: 7, 24, 29, 43, 46, 59, 62, 70, 102, 112, 114, 116, 118, 146, 148, 154, 155, 953, 960, 1012
Input 0th, Cycle: 500, Similarity: 100, Columns: 20, SDR: 7, 24, 29, 43, 46, 59, 62, 70, 102, 112, 114, 116, 118, 146, 148, 154, 155, 953, 960, 1012
Input 0th, Cycle: 501, Similarity: 100, Columns: 20, SDR: 7, 24, 29, 43, 46, 59, 62, 70, 102, 112, 114, 116, 118, 146, 148, 154, 155, 953, 960, 1012
Input 0th, Cycle: 502, Similarity: 100, Columns: 20, SDR: 7, 24, 29, 43, 46, 59, 62, 70, 102, 112, 114, 116, 118, 146, 148, 154, 155, 953, 960, 1012
Input 0th, Cycle: 503, Similarity: 100, Columns: 20, SDR: 7, 24, 29, 43, 46, 59, 62, 70, 102, 112, 114, 116, 118, 146, 148, 154, 155, 953, 960, 1012
Input 0th, Cycle: 504, Similarity: 100, Columns: 20, SDR: 7, 24, 29, 43, 46, 59, 62, 70, 102, 112, 114, 116, 118, 146, 148, 154, 155, 953, 960, 1012
Input 0th, Cycle: 505, Similarity: 100, Columns: 20, SDR: 7, 24, 29, 43, 46, 59, 62, 70, 102, 112, 114, 116, 118, 146, 148, 154, 155, 953, 960, 1012
Input 0th, Cycle: 506, Similarity: 100, Columns: 20, SDR: 7, 24, 29, 43, 46, 59, 62, 70, 102, 112, 114, 116, 118, 146, 148, 154, 155, 953, 960, 1012
Input 0th, Cycle: 507, Similarity: 100, Columns: 20, SDR: 7, 24, 29, 43, 46, 59, 62, 70, 102, 112, 114, 116, 118, 146, 148, 154, 155, 953, 960, 1012
Input 0th, Cycle: 508, Similarity: 100, Columns: 20, SDR: 7, 24, 29, 43, 46, 59, 62, 70, 102, 112, 114, 116, 118, 146, 148, 154, 155, 953, 960, 1012
Input 0th, Cycle: 509, Similarity: 100, Columns: 20, SDR: 7, 24, 29, 43, 46, 59, 62, 70, 102, 112, 114, 116, 118, 146, 148, 154, 155, 953, 960, 1012
Input 0th, Cycle: 510, Similarity: 100, Columns: 20, SDR: 7, 24, 29, 43, 46, 59, 62, 70, 102, 112, 114, 116, 118, 146, 148, 154, 155, 953, 960, 1012
Input 0th, Cycle: 511, Similarity: 100, Columns: 20, SDR: 7, 24, 29, 43, 46, 59, 62, 70, 102, 112, 114, 116, 118, 146, 148, 154, 155, 953, 960, 1012
Input 0th, Cycle: 512, Similarity: 100, Columns: 20, SDR: 7, 24, 29, 43, 46, 59, 62, 70, 102, 112, 114, 116, 118, 146, 148, 154, 155, 953, 960, 1012
Input 0th, Cycle: 513, Similarity: 100, Columns: 20, SDR: 7, 24, 29, 43, 46, 59, 62, 70, 102, 112, 114, 116, 118, 146, 148, 154, 155, 953, 960, 1012
Input 0th, Cycle: 514, Similarity: 100, Columns: 20, SDR: 7, 24, 29, 43, 46, 59, 62, 70, 102, 112, 114, 116, 118, 146, 148, 154, 155, 953, 960, 1012
Input 0th, Cycle: 515, Similarity: 100, Columns: 20, SDR: 7, 24, 29, 43, 46, 59, 62, 70, 102, 112, 114, 116, 118, 146, 148, 154, 155, 953, 960, 1012
Input 0th, Cycle: 516, Similarity: 100, Columns: 20, SDR: 7, 24, 29, 43, 46, 59, 62, 70, 102, 112, 114, 116, 118, 146, 148, 154, 155, 953, 960, 1012
Input 0th, Cycle: 517, Similarity: 100, Columns: 20, SDR: 7, 24, 29, 43, 46, 59, 62, 70, 102, 112, 114, 116, 118, 146, 148, 154, 155, 953, 960, 1012
Input 0th, Cycle: 518, Similarity: 100, Columns: 20, SDR: 7, 24, 29, 43, 46, 59, 62, 70, 102, 112, 114, 116, 118, 146, 148, 154, 155, 953, 960, 1012
Input 0th, Cycle: 519, Similarity: 100, Columns: 20, SDR: 7, 24, 29, 43, 46, 59, 62, 70, 102, 112, 114, 116, 118, 146, 148, 154, 155, 953, 960, 1012
Input 0th, Cycle: 520, Similarity: 100, Columns: 20, SDR: 7, 24, 29, 43, 46, 59, 62, 70, 102, 112, 114, 116, 118, 146, 148, 154, 155, 953, 960, 1012
Input 0th, Cycle: 521, Similarity: 100, Columns: 20, SDR: 7, 24, 29, 43, 46, 59, 62, 70, 102, 112, 114, 116, 118, 146, 148, 154, 155, 953, 960, 1012
Input 0th, Cycle: 522, Similarity: 100, Columns: 20, SDR: 7, 24, 29, 43, 46, 59, 62, 70, 102, 112, 114, 116, 118, 146, 148, 154, 155, 953, 960, 1012
Input 0th, Cycle: 523, Similarity: 100, Columns: 20, SDR: 7, 24, 29, 43, 46, 59, 62, 70, 102, 112, 114, 116, 118, 146, 148, 154, 155, 953, 960, 1012
Input 0th, Cycle: 524, Similarity: 100, Columns: 20, SDR: 7, 24, 29, 43, 46, 59, 62, 70, 102, 112, 114, 116, 118, 146, 148, 154, 155, 953, 960, 1012
Input 0th, Cycle: 525, Similarity: 100, Columns: 20, SDR: 7, 24, 29, 43, 46, 59, 62, 70, 102, 112, 114, 116, 118, 146, 148, 154, 155, 953, 960, 1012
Input 0th, Cycle: 526, Similarity: 100, Columns: 20, SDR: 7, 24, 29, 43, 46, 59, 62, 70, 102, 112, 114, 116, 118, 146, 148, 154, 155, 953, 960, 1012
Input 0th, Cycle: 527, Similarity: 100, Columns: 20, SDR: 7, 24, 29, 43, 46, 59, 62, 70, 102, 112, 114, 116, 118, 146, 148, 154, 155, 953, 960, 1012
Input 0th, Cycle: 528, Similarity: 100, Columns: 20, SDR: 7, 24, 29, 43, 46, 59, 62, 70, 102, 112, 114, 116, 118, 146, 148, 154, 155, 953, 960, 1012
Input 0th, Cycle: 529, Similarity: 100, Columns: 20, SDR: 7, 24, 29, 43, 46, 59, 62, 70, 102, 112, 114, 116, 118, 146, 148, 154, 155, 953, 960, 1012
Input 0th, Cycle: 530, Similarity: 100, Columns: 20, SDR: 7, 24, 29, 43, 46, 59, 62, 70, 102, 112, 114, 116, 118, 146, 148, 154, 155, 953, 960, 1012
Input 0th, Cycle: 531, Similarity: 100, Columns: 20, SDR: 7, 24, 29, 43, 46, 59, 62, 70, 102, 112, 114, 116, 118, 146, 148, 154, 155, 953, 960, 1012
Input 0th, Cycle: 532, Similarity: 100, Columns: 20, SDR: 7, 24, 29, 43, 46, 59, 62, 70, 102, 112, 114, 116, 118, 146, 148, 154, 155, 953, 960, 1012
Input 0th, Cycle: 533, Similarity: 100, Columns: 20, SDR: 7, 24, 29, 43, 46, 59, 62, 70, 102, 112, 114, 116, 118, 146, 148, 154, 155, 953, 960, 1012
Input 0th, Cycle: 534, Similarity: 100, Columns: 20, SDR: 7, 24, 29, 43, 46, 59, 62, 70, 102, 112, 114, 116, 118, 146, 148, 154, 155, 953, 960, 1012
Input 0th, Cycle: 535, Similarity: 100, Columns: 20, SDR: 7, 24, 29, 43, 46, 59, 62, 70, 102, 112, 114, 116, 118, 146, 148, 154, 155, 953, 960, 1012
Input 0th, Cycle: 536, Similarity: 100, Columns: 20, SDR: 7, 24, 29, 43, 46, 59, 62, 70, 102, 112, 114, 116, 118, 146, 148, 154, 155, 953, 960, 1012
Input 0th, Cycle: 537, Similarity: 100, Columns: 20, SDR: 7, 24, 29, 43, 46, 59, 62, 70, 102, 112, 114, 116, 118, 146, 148, 154, 155, 953, 960, 1012
Input 0th, Cycle: 538, Similarity: 100, Columns: 20, SDR: 7, 24, 29, 43, 46, 59, 62, 70, 102, 112, 114, 116, 118, 146, 148, 154, 155, 953, 960, 1012
Input 0th, Cycle: 539, Similarity: 100, Columns: 20, SDR: 7, 24, 29, 43, 46, 59, 62, 70, 102, 112, 114, 116, 118, 146, 148, 154, 155, 953, 960, 1012
Input 0th, Cycle: 540, Similarity: 100, Columns: 20, SDR: 7, 24, 29, 43, 46, 59, 62, 70, 102, 112, 114, 116, 118, 146, 148, 154, 155, 953, 960, 1012
Input 0th, Cycle: 541, Similarity: 100, Columns: 20, SDR: 7, 24, 29, 43, 46, 59, 62, 70, 102, 112, 114, 116, 118, 146, 148, 154, 155, 953, 960, 1012
Input 0th, Cycle: 542, Similarity: 100, Columns: 20, SDR: 7, 24, 29, 43, 46, 59, 62, 70, 102, 112, 114, 116, 118, 146, 148, 154, 155, 953, 960, 1012
Input 0th, Cycle: 543, Similarity: 100, Columns: 20, SDR: 7, 24, 29, 43, 46, 59, 62, 70, 102, 112, 114, 116, 118, 146, 148, 154, 155, 953, 960, 1012
Input 0th, Cycle: 544, Similarity: 100, Columns: 20, SDR: 7, 24, 29, 43, 46, 59, 62, 70, 102, 112, 114, 116, 118, 146, 148, 154, 155, 953, 960, 1012


